101914.321403
9773.377553
360,0.000000
363,0.001496
363,0.003996
363,0.006936
363,0.008839
363,0.010235
363,0.011172
363,0.011331
363,0.011893
363,0.012137
363,0.012962
363,0.013254
363,0.014115
363,0.014193
363,0.014320
363,0.015089
363,0.016671
363,0.016988
363,0.018147
363,0.019392
363,0.019404
363,0.019713
363,0.022419
363,0.022705
363,0.022713
363,0.023848
363,0.025763
363,0.026373
363,0.026466
363,0.027198
363,0.027913
363,0.028670
364,0.031256
364,0.032004
364,0.032059
364,0.032108
364,0.033029
364,0.034210
364,0.034962
364,0.035147
364,0.035256
364,0.036403
364,0.036929
364,0.038262
364,0.038539
364,0.038953
364,0.039157
364,0.039554
364,0.040163
364,0.040944
364,0.043050
364,0.043418
364,0.043462
364,0.043495
364,0.043829
364,0.045114
364,0.045498
364,0.046035
364,0.046739
364,0.047794
364,0.047961
364,0.048228
364,0.048999
364,0.049018
364,0.049316
364,0.049400
364,0.050020
364,0.052854
364,0.054003
364,0.054217
364,0.054288
364,0.054826
364,0.056942
364,0.059456
364,0.062232
364,0.062375
364,0.062656
364,0.063308
364,0.065659
364,0.066196
364,0.066229
364,0.066623
364,0.066851
364,0.067172
364,0.067530
364,0.068359
364,0.068782
364,0.071664
364,0.075629
364,0.079160
364,0.079242
364,0.080375
364,0.080891
364,0.081752
364,0.082201
364,0.083087
364,0.084402
364,0.085627
364,0.086922
364,0.087385
364,0.087407
364,0.087516
364,0.093831
364,0.094644
364,0.095795
364,0.096195
364,0.098403
364,0.100891
364,0.101180
364,0.101755
364,0.101995
364,0.102376
364,0.102819
364,0.103359
364,0.105805
364,0.105924
364,0.109684
364,0.111732
364,0.112449
364,0.113821
364,0.114482
364,0.114671
364,0.114835
364,0.115547
364,0.116653
364,0.116838
364,0.116909
364,0.119071
364,0.119163
364,0.119670
364,0.121752
364,0.122313
364,0.122827
364,0.122993
364,0.123275
364,0.123954
364,0.124424
364,0.124440
364,0.124720
364,0.125006
364,0.126686
364,0.128035
364,0.128998
364,0.129596
364,0.131020
364,0.131952
364,0.133056
364,0.133589
364,0.133651
364,0.133972
364,0.136843
364,0.140035
364,0.141332
364,0.142116
364,0.147245
365,0.149730
365,0.151953
365,0.152031
365,0.153859
365,0.153941
365,0.154337
365,0.156143
365,0.159522
365,0.160642
365,0.160981
365,0.161876
365,0.161908
365,0.163241
365,0.164033
365,0.164184
365,0.164254
365,0.165228
365,0.165349
365,0.165455
365,0.167481
365,0.169325
365,0.169441
365,0.169549
365,0.169969
365,0.171503
365,0.172086
365,0.172174
365,0.173684
365,0.174294
365,0.175659
365,0.177992
365,0.178273
365,0.178277
365,0.182721
365,0.184162
365,0.185636
365,0.185950
365,0.186373
365,0.186985
365,0.188796
365,0.189175
365,0.194051
365,0.194497
365,0.196228
365,0.196817
365,0.197596
365,0.198867
365,0.198870
365,0.199643
365,0.201387
365,0.201475
365,0.202598
365,0.202650
365,0.203383
365,0.203509
365,0.203777
365,0.204627
365,0.204859
365,0.206537
365,0.208168
365,0.208621
365,0.209266
365,0.209278
365,0.209458
365,0.210248
365,0.210621
365,0.211178
365,0.211578
365,0.211643
365,0.212516
365,0.214142
365,0.214154
365,0.214523
365,0.214689
365,0.215229
365,0.215433
365,0.215839
365,0.219051
365,0.221319
365,0.221762
365,0.222110
365,0.222932
365,0.223119
365,0.224051
365,0.225624
365,0.226167
365,0.231086
365,0.239372
365,0.241062
365,0.242027
365,0.243015
365,0.243999
365,0.245343
365,0.249310
365,0.249961
365,0.250183
365,0.250193
365,0.250787
365,0.250901
365,0.251171
365,0.251368
365,0.251559
365,0.255098
365,0.256059
365,0.260612
365,0.262183
365,0.262460
365,0.263102
366,0.265785
366,0.268426
366,0.268711
366,0.268894
366,0.269876
366,0.270105
366,0.270613
366,0.270703
366,0.271153
366,0.271491
366,0.272810
366,0.272981
366,0.273602
366,0.274508
366,0.275579
366,0.275872
366,0.276134
366,0.276903
366,0.278251
366,0.279026
366,0.279974
366,0.280174
366,0.286099
366,0.288616
366,0.300187
366,0.302171
366,0.302415
366,0.303026
366,0.303062
366,0.303184
366,0.304032
366,0.304530
366,0.305596
366,0.305612
366,0.306610
366,0.306692
366,0.307537
366,0.309972
366,0.310748
366,0.310798
366,0.310825
366,0.312353
366,0.312401
366,0.314010
366,0.315365
366,0.315736
366,0.315804
366,0.316027
366,0.316459
366,0.317083
366,0.317499
366,0.317884
366,0.318434
366,0.318465
366,0.319222
366,0.320352
366,0.323064
366,0.326702
366,0.328291
366,0.329145
366,0.332223
366,0.333199
366,0.333352
366,0.333559
366,0.335628
366,0.336883
366,0.338831
366,0.339646
366,0.340223
366,0.340268
366,0.342427
367,0.345582
367,0.345986
367,0.350089
367,0.354280
367,0.354888
367,0.356066
367,0.362599
367,0.362984
367,0.364943
367,0.368173
367,0.370806
367,0.375288
367,0.375334
367,0.375829
367,0.377047
367,0.377815
367,0.378193
367,0.379367
367,0.380326
367,0.380764
367,0.381977
368,0.383553
368,0.383579
368,0.385482
368,0.386054
368,0.386727
368,0.386850
368,0.388112
369,0.391205
369,0.391940
369,0.394549
369,0.394589
369,0.394706
369,0.395731
369,0.395874
369,0.396703
369,0.398002
369,0.398928
369,0.399646
369,0.400971
369,0.401917
369,0.402470
369,0.402766
369,0.403260
369,0.403619
369,0.404515
369,0.405356
369,0.406548
369,0.406712
369,0.407028
369,0.407196
369,0.407353
369,0.408049
369,0.409566
369,0.410614
369,0.411179
369,0.412373
369,0.415117
369,0.415445
369,0.416570
369,0.417660
369,0.418132
369,0.418602
369,0.422203
369,0.423693
369,0.423928
369,0.424144
369,0.425251
369,0.426317
369,0.428220
369,0.431224
369,0.433205
369,0.434809
369,0.436125
369,0.436362
369,0.436668
369,0.438160
369,0.439922
369,0.440819
369,0.441372
369,0.441428
369,0.441454
369,0.441473
369,0.442316
369,0.442385
369,0.443156
369,0.443227
369,0.444280
369,0.444679
369,0.446124
369,0.446534
369,0.446994
369,0.448206
369,0.449982
369,0.451291
369,0.451494
369,0.451781
369,0.452379
369,0.452623
369,0.453357
370,0.455511
370,0.456784
370,0.457523
370,0.458544
370,0.459932
370,0.460590
370,0.461142
370,0.461180
370,0.464922
370,0.466667
370,0.467292
370,0.467658
370,0.468640
370,0.470659
370,0.472499
370,0.474050
370,0.474560
370,0.474769
370,0.475999
370,0.477047
370,0.478763
370,0.478896
370,0.479786
370,0.482043
370,0.485763
370,0.488644
370,0.490001
370,0.490885
370,0.491842
370,0.492011
370,0.493031
370,0.493365
370,0.497045
370,0.497198
370,0.499013
370,0.501494
370,0.501733
370,0.504440
370,0.505489
370,0.505573
370,0.506552
370,0.506792
370,0.514052
370,0.514085
370,0.514844
370,0.516397
370,0.516706
370,0.517635
370,0.519716
370,0.521086
370,0.521928
370,0.522229
370,0.522681
371,0.523715
371,0.523968
371,0.525039
371,0.526534
371,0.526929
371,0.527344
371,0.529874
371,0.531387
371,0.531898
371,0.532153
371,0.532753
371,0.533227
371,0.534738
371,0.535543
371,0.536481
371,0.537504
371,0.538287
371,0.538741
371,0.539569
371,0.539692
371,0.541235
371,0.541365
371,0.543005
371,0.543955
371,0.545286
371,0.545619
371,0.546312
371,0.546775
371,0.549108
371,0.549315
371,0.549488
371,0.549637
371,0.549800
371,0.550227
371,0.550378
371,0.551388
371,0.552089
371,0.553020
371,0.553691
371,0.555220
371,0.556178
371,0.557364
371,0.557495
371,0.558562
371,0.558684
371,0.558797
371,0.558818
372,0.562519
372,0.563089
372,0.563726
372,0.563957
372,0.564125
372,0.566947
372,0.566954
372,0.568679
372,0.570527
372,0.571176
372,0.571925
372,0.572592
372,0.572788
372,0.573496
372,0.573526
372,0.574503
372,0.574828
372,0.574926
372,0.575222
372,0.575707
372,0.575870
372,0.576817
372,0.577770
372,0.580680
372,0.581599
372,0.581791
372,0.582500
372,0.583581
372,0.583626
372,0.583979
372,0.584706
373,0.587033
373,0.587114
373,0.587383
373,0.587934
373,0.590726
373,0.593309
373,0.594203
373,0.594477
373,0.596505
373,0.597221
374,0.598374
374,0.599486
374,0.600637
374,0.601596
374,0.601704
375,0.602384
375,0.602852
375,0.603302
375,0.603647
375,0.604138
375,0.604663
375,0.605269
375,0.606198
375,0.607103
375,0.607440
375,0.610230
375,0.610707
375,0.612325
375,0.613473
376,0.614211
376,0.614729
376,0.615141
376,0.615943
376,0.616821
376,0.617739
376,0.617817
376,0.620245
376,0.620928
376,0.621738
376,0.622125
376,0.622367
376,0.622681
376,0.623621
376,0.623706
376,0.624808
376,0.625951
376,0.626907
376,0.629136
376,0.629222
376,0.629307
376,0.629534
376,0.630926
376,0.632005
376,0.632209
376,0.634137
377,0.635440
377,0.636959
377,0.637393
377,0.637609
377,0.638606
377,0.639047
377,0.639401
377,0.639459
377,0.640308
377,0.640380
377,0.642539
377,0.644473
377,0.646194
377,0.646917
377,0.646976
377,0.647733
377,0.649143
377,0.649449
377,0.649883
377,0.650278
377,0.651290
377,0.655169
378,0.655730
378,0.656567
378,0.658034
378,0.658862
378,0.659197
378,0.659254
378,0.660494
378,0.661153
379,0.662850
380,0.663562
380,0.664111
381,0.665206
381,0.665249
382,0.665278
382,0.665323
382,0.665906
383,0.666013
384,0.667190
389,0.669866
392,0.671195
393,0.671429
394,0.671873
394,0.671902
394,0.672023
396,0.673032
397,0.673475
409,0.678347
415,0.681060
416,0.682113
416,0.682290
417,0.684819
417,0.685075
417,0.685192
418,0.686238
418,0.686361
418,0.686645
418,0.686750
419,0.688731
419,0.688812
419,0.689805
420,0.690870
420,0.692140
421,0.694382
422,0.695868
422,0.696113
423,0.697711
423,0.698921
423,0.699982
424,0.700599
424,0.701486
424,0.701803
425,0.703061
425,0.703111
425,0.703524
425,0.704371
425,0.704400
425,0.704416
426,0.706592
426,0.707922
426,0.709165
427,0.710457
428,0.713707
428,0.714993
428,0.715712
429,0.716339
429,0.717562
429,0.718142
430,0.719000
430,0.719655
430,0.719819
431,0.721361
431,0.721745
432,0.723333
433,0.723378
436,0.725842
436,0.726516
437,0.726648
438,0.727703
439,0.729039
439,0.729163
440,0.730437
442,0.731544
444,0.733055
444,0.733103
450,0.735415
456,0.738267
457,0.738792
458,0.739444
461,0.740902
462,0.741782
463,0.743283
464,0.743903
464,0.744449
465,0.745176
465,0.745233
466,0.746218
466,0.746313
466,0.746337
468,0.749091
469,0.751185
471,0.754028
471,0.754391
471,0.754515
471,0.754977
471,0.755039
471,0.755560
472,0.757360
472,0.757652
473,0.758328
473,0.759812
475,0.763824
476,0.764434
476,0.765053
476,0.765403
477,0.766406
477,0.766499
478,0.767166
479,0.768678
480,0.769240
480,0.769972
481,0.770170
481,0.770217
482,0.772037
484,0.773185
485,0.774483
486,0.775116
487,0.776061
487,0.776853
488,0.777205
490,0.778760
490,0.778928
492,0.780880
493,0.781957
493,0.782036
494,0.782667
494,0.783117
497,0.785398
498,0.786340
500,0.787868
505,0.793372
506,0.793769
507,0.794644
507,0.795154
507,0.795211
508,0.795446
510,0.798024
512,0.799993
512,0.800002
514,0.801437
514,0.801612
515,0.802336
515,0.802663
516,0.803593
517,0.804365
517,0.804608
518,0.805437
518,0.805692
519,0.806178
519,0.806580
520,0.807895
520,0.808310
522,0.809877
522,0.810412
522,0.810633
523,0.811904
523,0.811925
525,0.813396
526,0.814431
526,0.814571
527,0.815159
528,0.816432
530,0.818073
530,0.818200
530,0.818667
533,0.820822
533,0.821011
533,0.821180
533,0.821214
534,0.821998
535,0.822459
535,0.823031
536,0.823137
536,0.823172
537,0.824397
537,0.824417
537,0.824485
538,0.824654
538,0.824986
541,0.827332
543,0.828949
544,0.829533
548,0.832288
550,0.833420
553,0.835839
557,0.838552
559,0.839866
559,0.840220
562,0.842350
562,0.842688
563,0.842949
565,0.844996
568,0.847191
569,0.847647
569,0.847777
569,0.847872
570,0.848261
573,0.850800
577,0.853427
577,0.853565
578,0.853735
579,0.854822
580,0.855402
581,0.855690
581,0.856003
581,0.856044
584,0.857945
587,0.859709
587,0.860115
588,0.860377
589,0.860867
589,0.860977
590,0.861764
591,0.862265
595,0.864701
596,0.864939
596,0.865053
596,0.865241
597,0.865430
600,0.867575
605,0.870263
607,0.871182
610,0.872606
620,0.876898
623,0.877903
628,0.879748
636,0.882576
637,0.882990
639,0.883690
642,0.884615
642,0.884713
643,0.885026
643,0.885073
650,0.886949
657,0.888635
657,0.888781
659,0.889223
660,0.889415
660,0.889529
664,0.890479
665,0.890643
669,0.891438
677,0.893280
689,0.895918
690,0.896201
690,0.896248
694,0.896851
694,0.896889
695,0.897188
698,0.897599
699,0.897858
703,0.898626
706,0.899112
707,0.899329
708,0.899462
708,0.899466
710,0.899807
714,0.900464
719,0.901452
731,0.903682
732,0.903823
732,0.903828
733,0.904015
754,0.907189
758,0.907759
763,0.908592
774,0.910295
798,0.914268
804,0.915414
804,0.915445
807,0.915966
812,0.916696
816,0.917171
838,0.920139
850,0.921595
865,0.923316
868,0.923719
871,0.923969
874,0.924372
906,0.927009
961,0.930280
1012,0.932592
1018,0.932855
1057,0.934486
1057,0.934500
1082,0.935462
1114,0.936634
1155,0.937932
1173,0.938497
1178,0.938630
1203,0.939339
1243,0.940403
1298,0.941685
1457,0.944265
1469,0.944436
1481,0.944620
1724,0.947828
1730,0.947888
1845,0.948571
2101,0.950006
2267,0.951212
2330,0.951771
2972,0.956596
2978,0.956622
3117,0.957356
3401,0.960874
3410,0.961065
3436,0.961497
3573,0.963536
3575,0.963566
3702,0.964933
3950,0.966951
4037,0.967452
4141,0.967951
4770,0.971441
5223,0.974366
5248,0.974522
5278,0.974695
5306,0.974872
5599,0.976654
5625,0.976798
5671,0.977070
5962,0.978889
5988,0.979060
6045,0.979400
6048,0.979419
6097,0.979717
6131,0.979902
6157,0.980035
6186,0.980170
6306,0.980753
6477,0.981962
6513,0.982229
6818,0.983837
7495,0.985997
701403,0.988389
708665,0.988637
720809,0.989329
729538,0.990118
734511,0.990654
742046,0.991558
750682,0.992500
754303,0.992869
755840,0.993019
777048,0.994956
792562,0.995987
795301,0.996202
824025,0.998354
851919,0.999150
862255,0.999386
65854869,1.000000
