40361.778276
24857.841998
351,0.000000
363,0.000574
364,0.001302
364,0.002271
364,0.003308
364,0.003674
364,0.004715
364,0.004813
364,0.006204
364,0.006447
364,0.007065
364,0.007563
364,0.007902
364,0.008056
364,0.008114
364,0.008198
364,0.008923
364,0.009349
364,0.010159
364,0.011819
364,0.012954
364,0.015028
364,0.015083
364,0.015637
364,0.015966
364,0.016044
364,0.016328
364,0.016652
364,0.017769
364,0.018387
364,0.018477
364,0.018766
364,0.019233
364,0.026883
365,0.028609
365,0.029092
365,0.029971
365,0.032119
365,0.032881
365,0.036721
365,0.038237
365,0.040243
365,0.042790
365,0.042888
365,0.043189
365,0.043717
365,0.045123
365,0.045738
365,0.048993
365,0.049132
365,0.050098
365,0.050248
365,0.050489
365,0.051506
365,0.052746
365,0.054213
365,0.054398
365,0.054742
365,0.056374
365,0.057069
365,0.057816
365,0.059044
365,0.059458
365,0.061421
365,0.061674
365,0.063230
365,0.063747
365,0.064831
365,0.064974
365,0.065631
365,0.065774
365,0.068011
365,0.070744
365,0.071206
365,0.072302
365,0.074132
365,0.074887
365,0.076071
365,0.078247
365,0.078968
365,0.079192
365,0.083431
365,0.083820
365,0.083969
365,0.084666
365,0.085099
365,0.087778
365,0.088065
365,0.089755
365,0.092901
365,0.094142
365,0.094304
365,0.095662
365,0.096437
365,0.098269
365,0.098721
365,0.098750
365,0.099647
365,0.100337
365,0.101149
365,0.101853
365,0.103355
365,0.103875
365,0.104414
365,0.105504
365,0.105870
365,0.106176
365,0.107067
365,0.108208
365,0.108321
365,0.108506
365,0.109089
365,0.109098
365,0.109476
365,0.111286
365,0.114988
365,0.115212
365,0.115955
365,0.116995
365,0.117027
365,0.117143
365,0.117424
365,0.118300
365,0.122273
365,0.123047
365,0.123092
365,0.123882
365,0.123910
365,0.125239
365,0.126752
365,0.127000
365,0.128679
365,0.129302
365,0.130839
365,0.133331
365,0.134069
365,0.134466
365,0.135163
365,0.136183
365,0.137144
365,0.137701
365,0.137706
365,0.138864
365,0.140277
365,0.140455
365,0.142107
365,0.143968
365,0.144743
365,0.144759
365,0.145266
365,0.146580
365,0.150622
365,0.153945
365,0.158295
365,0.158512
365,0.159976
365,0.160390
365,0.161364
365,0.165619
365,0.166124
365,0.167009
365,0.168727
365,0.169088
365,0.169366
365,0.171632
365,0.172008
365,0.172114
365,0.172183
365,0.173626
365,0.173697
365,0.173880
365,0.174984
365,0.177520
365,0.179953
365,0.181177
365,0.183796
365,0.184468
365,0.184790
365,0.189185
365,0.189705
365,0.192336
365,0.193172
366,0.195048
366,0.196284
366,0.196991
366,0.200221
366,0.200228
366,0.200526
366,0.201955
366,0.202309
366,0.202827
366,0.204157
366,0.204188
366,0.204312
366,0.205138
366,0.205191
366,0.205464
366,0.206293
366,0.206939
366,0.207850
366,0.208644
366,0.210909
366,0.211973
366,0.213206
366,0.214096
366,0.214422
366,0.216740
366,0.217485
366,0.217633
366,0.217935
366,0.219512
366,0.219993
366,0.220529
366,0.220927
366,0.222119
366,0.222571
366,0.222912
366,0.223927
366,0.226848
366,0.228406
366,0.229762
366,0.230216
366,0.231319
366,0.231364
366,0.234177
366,0.234566
366,0.237674
366,0.238724
366,0.238805
366,0.239315
366,0.239584
366,0.240105
366,0.240281
366,0.240814
366,0.241269
366,0.242856
366,0.243940
366,0.244201
366,0.244288
366,0.245321
366,0.245472
366,0.246594
366,0.246599
366,0.246755
366,0.246807
366,0.247021
366,0.249190
366,0.250525
366,0.251163
366,0.251299
366,0.252206
366,0.253088
366,0.255478
366,0.255631
366,0.255922
366,0.256081
366,0.257204
366,0.258243
366,0.259719
366,0.261300
366,0.261522
366,0.264340
366,0.264390
366,0.265035
366,0.265611
366,0.266695
366,0.267125
366,0.268278
366,0.268959
366,0.271142
366,0.271239
366,0.272695
366,0.273716
366,0.275425
366,0.276418
366,0.277518
366,0.278423
366,0.278519
366,0.278858
366,0.279351
366,0.280384
366,0.280633
366,0.281089
366,0.281720
366,0.281877
366,0.282474
366,0.282667
366,0.284356
366,0.286215
366,0.286465
366,0.287252
366,0.287340
366,0.288376
366,0.288465
366,0.289312
366,0.289564
366,0.290940
366,0.291627
366,0.291719
366,0.292023
366,0.294134
366,0.295300
366,0.295745
366,0.297432
366,0.298762
366,0.299414
366,0.301919
366,0.303037
366,0.303892
366,0.304951
366,0.305916
366,0.306163
366,0.308090
366,0.308658
366,0.309002
366,0.309381
366,0.309818
366,0.309913
366,0.314143
366,0.314312
366,0.314494
366,0.315628
366,0.317376
366,0.317440
366,0.317676
366,0.318419
366,0.318821
366,0.319253
366,0.322776
366,0.323329
366,0.325734
366,0.326180
366,0.326690
366,0.328712
366,0.329147
366,0.329221
366,0.331161
366,0.331214
366,0.331516
366,0.332694
366,0.334256
366,0.335575
366,0.337237
366,0.338807
366,0.339492
366,0.340122
366,0.340175
366,0.341896
366,0.345510
366,0.348175
366,0.348848
366,0.348959
366,0.350377
366,0.350533
366,0.354206
366,0.355551
366,0.357826
366,0.357927
366,0.358665
366,0.361640
366,0.362542
366,0.363180
366,0.365343
366,0.365537
366,0.365893
366,0.368199
366,0.368360
367,0.369693
367,0.371345
367,0.371831
367,0.372049
367,0.372163
367,0.374712
367,0.377427
367,0.377634
367,0.379988
367,0.380528
367,0.380596
367,0.380912
367,0.382369
367,0.383893
367,0.385780
367,0.386838
367,0.389544
367,0.389682
367,0.390421
367,0.391029
367,0.391230
367,0.391750
367,0.392842
367,0.393041
367,0.393966
367,0.394237
367,0.395476
367,0.396371
367,0.396637
367,0.397555
367,0.397866
367,0.398268
367,0.398619
367,0.399692
367,0.400285
367,0.401777
367,0.404756
367,0.405391
367,0.407654
367,0.408435
367,0.412553
367,0.414895
367,0.415820
367,0.416140
367,0.416897
367,0.418054
367,0.420811
367,0.421005
367,0.422402
367,0.422571
367,0.423102
367,0.423729
367,0.425631
368,0.425809
368,0.425844
368,0.426277
368,0.429582
368,0.430341
368,0.430463
368,0.430566
368,0.430797
368,0.431722
368,0.432122
368,0.432711
368,0.432756
368,0.433996
368,0.434269
368,0.434350
369,0.436198
370,0.437820
370,0.439129
370,0.440261
370,0.440299
370,0.442368
370,0.442496
370,0.442667
370,0.443041
370,0.443108
370,0.447655
370,0.451167
370,0.452034
370,0.452507
370,0.453219
370,0.454238
370,0.457191
370,0.457376
370,0.458471
370,0.458556
370,0.460491
370,0.462962
370,0.463265
370,0.467458
370,0.469064
370,0.469851
370,0.470072
370,0.470188
370,0.471207
370,0.471645
370,0.473069
370,0.473657
370,0.473795
370,0.474577
370,0.474931
370,0.475837
370,0.476789
370,0.478896
370,0.479046
370,0.479242
370,0.479318
370,0.481580
371,0.484441
371,0.484653
371,0.484914
371,0.485527
371,0.485681
371,0.486412
371,0.487538
371,0.490881
371,0.491705
371,0.492158
371,0.493187
371,0.493929
371,0.495222
371,0.495567
371,0.497361
371,0.501580
371,0.501905
371,0.501955
371,0.502645
371,0.502924
371,0.505716
371,0.505730
371,0.506084
371,0.506882
371,0.507408
371,0.508750
371,0.510143
371,0.511112
371,0.518403
371,0.519282
371,0.523289
371,0.523579
371,0.525405
371,0.525549
371,0.528370
371,0.530242
371,0.530892
371,0.533350
371,0.533716
371,0.536600
371,0.537195
371,0.537972
371,0.538467
371,0.542975
371,0.543890
371,0.544159
372,0.546990
372,0.547073
372,0.547386
372,0.547783
372,0.549028
372,0.550291
372,0.550332
372,0.551504
372,0.551555
372,0.553163
372,0.553327
372,0.554074
372,0.554085
372,0.554107
372,0.554989
372,0.558096
372,0.560782
372,0.561753
372,0.562697
372,0.562741
372,0.563684
372,0.563808
372,0.566503
372,0.566714
372,0.568027
372,0.568669
372,0.569424
372,0.570066
372,0.570077
372,0.570248
372,0.570637
372,0.574129
372,0.575745
372,0.576237
372,0.576520
372,0.577036
372,0.577511
372,0.578705
372,0.579241
372,0.579418
372,0.579670
372,0.581253
372,0.581739
372,0.585676
372,0.586586
372,0.586894
372,0.587436
372,0.587463
372,0.587799
372,0.589794
372,0.590475
372,0.592008
372,0.593378
372,0.593539
372,0.594280
372,0.595153
372,0.595203
372,0.596167
372,0.597863
372,0.597913
372,0.598553
372,0.598953
372,0.598958
372,0.601422
372,0.603489
372,0.603528
372,0.603893
372,0.605879
372,0.606040
372,0.610326
372,0.611230
372,0.612499
372,0.617199
372,0.618441
372,0.621365
372,0.622214
372,0.622654
372,0.623113
372,0.624920
372,0.625616
372,0.625917
372,0.627149
372,0.628104
372,0.628730
372,0.629604
372,0.629751
372,0.630463
372,0.631383
372,0.632806
372,0.633845
372,0.633968
372,0.634547
373,0.636121
373,0.638295
373,0.638416
373,0.638944
373,0.639236
373,0.639376
373,0.640225
373,0.642325
373,0.647034
373,0.647084
373,0.648358
373,0.649151
373,0.649766
373,0.649955
373,0.653013
373,0.653605
373,0.653649
373,0.655438
373,0.655851
373,0.656289
373,0.661672
373,0.661947
373,0.663210
373,0.666684
373,0.667065
373,0.667270
373,0.667820
373,0.668816
373,0.670348
373,0.671433
373,0.673103
374,0.676037
374,0.677769
374,0.678913
374,0.679402
374,0.679409
374,0.680175
374,0.680626
374,0.681008
374,0.681050
375,0.681343
375,0.682160
375,0.682751
375,0.682922
375,0.683244
375,0.683590
376,0.684109
376,0.684429
376,0.685780
376,0.688007
377,0.690743
377,0.690830
377,0.692178
377,0.695006
377,0.695138
377,0.696223
377,0.698362
377,0.698908
377,0.699299
377,0.701048
377,0.701178
377,0.701551
377,0.704119
377,0.705146
377,0.706435
377,0.707894
378,0.709122
378,0.711326
378,0.711923
378,0.712317
378,0.712673
378,0.712868
378,0.712928
378,0.713128
378,0.715353
378,0.716175
378,0.716180
378,0.717389
378,0.717404
378,0.717681
378,0.718940
378,0.720882
378,0.724989
378,0.726307
378,0.726622
378,0.726854
378,0.727721
378,0.729903
378,0.732468
378,0.732799
379,0.736439
379,0.736443
379,0.737852
379,0.738127
379,0.738372
379,0.739765
379,0.740371
379,0.740656
379,0.742638
379,0.742922
379,0.743162
379,0.744051
379,0.744527
379,0.745677
379,0.746903
379,0.747021
379,0.749783
379,0.750212
379,0.750431
379,0.750823
379,0.751821
379,0.751851
379,0.752554
379,0.753350
379,0.753687
379,0.753722
379,0.754051
379,0.754487
379,0.755734
379,0.757167
380,0.758965
380,0.759994
380,0.760408
381,0.761970
382,0.762298
392,0.763415
393,0.763620
399,0.764157
402,0.764386
415,0.766152
415,0.766712
416,0.766929
416,0.767375
416,0.767448
418,0.768912
419,0.769123
420,0.770890
421,0.770957
421,0.771407
421,0.771582
421,0.771608
422,0.772143
426,0.776451
428,0.778369
428,0.778371
429,0.778570
430,0.779237
445,0.783685
451,0.786559
451,0.786683
453,0.787756
454,0.788301
456,0.789242
460,0.792998
460,0.793359
460,0.793392
462,0.794836
463,0.796299
463,0.797126
465,0.799670
466,0.800990
467,0.802425
467,0.803039
469,0.805517
469,0.805530
469,0.805551
469,0.806339
469,0.807275
470,0.807432
470,0.807779
470,0.807985
470,0.808815
471,0.810883
472,0.811993
472,0.813623
472,0.813958
473,0.815192
474,0.816800
474,0.817037
474,0.817562
475,0.818676
475,0.818888
475,0.818899
476,0.819808
478,0.823324
478,0.823963
478,0.824066
478,0.824680
479,0.826482
480,0.827057
480,0.828463
480,0.828658
481,0.828793
481,0.828845
481,0.829769
481,0.830227
482,0.832123
483,0.832876
484,0.834566
484,0.834992
484,0.835693
484,0.835796
485,0.836666
487,0.839749
487,0.840055
487,0.840220
487,0.841062
488,0.841935
489,0.843674
490,0.844920
490,0.845844
491,0.846213
492,0.847585
492,0.848799
493,0.849949
494,0.850916
494,0.851540
495,0.853238
496,0.854708
496,0.854853
498,0.857791
498,0.858197
499,0.858576
502,0.864029
502,0.864414
503,0.864711
503,0.865720
504,0.867008
505,0.867636
505,0.867672
505,0.868382
506,0.869528
509,0.873841
509,0.873911
509,0.873999
511,0.877107
511,0.877401
511,0.877575
512,0.878484
513,0.879972
513,0.880240
513,0.880445
513,0.880619
514,0.882176
515,0.882670
516,0.884476
518,0.886864
518,0.886907
518,0.887236
518,0.887850
520,0.889686
520,0.890064
520,0.890563
520,0.890735
520,0.890912
521,0.892386
522,0.892769
522,0.893291
523,0.894580
523,0.894664
524,0.896293
524,0.896438
524,0.896659
525,0.896972
526,0.898406
526,0.898799
526,0.898946
528,0.900919
529,0.902137
530,0.903197
530,0.903461
531,0.904089
532,0.904958
532,0.905640
532,0.905705
533,0.906812
536,0.909378
537,0.910313
537,0.910693
537,0.910849
539,0.911817
539,0.912212
539,0.912432
541,0.913736
541,0.914364
542,0.915384
543,0.915793
544,0.916331
545,0.917429
546,0.918584
547,0.919542
549,0.920523
550,0.921555
551,0.922541
552,0.923293
553,0.924386
553,0.924469
554,0.925407
555,0.926095
556,0.926723
556,0.927292
557,0.927790
557,0.927964
557,0.928018
559,0.929440
559,0.929834
560,0.930590
561,0.931158
562,0.932187
563,0.933904
565,0.935444
565,0.935526
565,0.935613
565,0.935842
566,0.936778
566,0.936906
567,0.937282
571,0.940543
572,0.941525
574,0.942632
574,0.943110
575,0.943756
575,0.943862
575,0.944203
577,0.945171
577,0.945712
581,0.948910
582,0.949472
587,0.953234
588,0.953394
590,0.955215
592,0.956070
594,0.957147
594,0.957701
597,0.958848
598,0.959446
599,0.960353
601,0.961565
603,0.962365
604,0.962903
606,0.964094
609,0.965255
610,0.965717
615,0.967473
616,0.968024
622,0.969978
622,0.970212
626,0.971503
632,0.973308
637,0.974645
638,0.974811
638,0.974991
644,0.976514
645,0.976776
653,0.978290
655,0.978744
661,0.979607
672,0.981323
675,0.981784
688,0.983597
692,0.984113
719,0.986278
721,0.986405
721,0.986437
731,0.987091
749,0.987945
751,0.988037
755,0.988172
805,0.989659
828,0.990290
835,0.990447
876,0.991367
901,0.991882
918,0.992043
1018,0.992804
1641,0.994886
1679,0.994936
2461,0.995644
3190,0.996095
3715,0.996307
3880,0.996378
4049,0.996449
6038,0.997381
6165,0.997469
27936059,0.999290
29608520,0.999893
140133644,0.999999
