7581.865805
132333.507030
360,0.000000
364,0.000695
364,0.003533
364,0.003859
364,0.005098
364,0.007462
364,0.008705
364,0.008923
364,0.010835
364,0.011174
364,0.013669
364,0.014308
364,0.015733
364,0.018545
364,0.018827
364,0.021292
364,0.022191
364,0.022648
364,0.022813
364,0.023369
364,0.025807
364,0.026533
364,0.026559
364,0.027281
364,0.028346
364,0.028376
364,0.028419
364,0.028689
364,0.028824
364,0.029054
364,0.029206
364,0.029580
364,0.030075
365,0.030419
365,0.030497
365,0.033509
365,0.034222
365,0.038381
365,0.038998
365,0.039354
365,0.039754
365,0.040597
365,0.040971
365,0.044087
365,0.045617
365,0.048433
365,0.049003
365,0.049124
365,0.054036
365,0.054831
365,0.055896
365,0.055931
365,0.056443
365,0.057117
365,0.058503
365,0.061211
365,0.061702
365,0.061980
365,0.064823
365,0.064844
365,0.065110
365,0.066109
365,0.067048
365,0.072585
365,0.072650
365,0.072985
365,0.074680
365,0.075840
365,0.077044
365,0.078157
365,0.078191
365,0.078500
365,0.078917
365,0.080221
365,0.080578
365,0.081942
365,0.083802
365,0.083907
365,0.085150
365,0.086601
365,0.087471
365,0.088683
365,0.088926
365,0.090039
365,0.090230
365,0.091221
365,0.091856
365,0.093186
365,0.093473
365,0.094038
365,0.098418
365,0.100835
365,0.101013
365,0.103230
365,0.104203
365,0.106194
365,0.106281
365,0.107302
365,0.111765
365,0.112087
365,0.112200
365,0.112622
365,0.112835
365,0.113695
365,0.113704
365,0.114104
365,0.114808
365,0.114825
365,0.115264
365,0.116581
365,0.116737
365,0.118102
365,0.119532
365,0.123052
365,0.123922
365,0.124100
365,0.127294
365,0.128815
365,0.129241
365,0.129889
365,0.133214
365,0.133444
365,0.133870
365,0.135135
365,0.138351
365,0.139898
365,0.141532
365,0.142493
365,0.143110
365,0.143623
365,0.143953
365,0.143988
365,0.144353
365,0.144887
365,0.145235
365,0.145513
365,0.146595
365,0.146752
365,0.147182
365,0.148412
365,0.149051
365,0.149186
365,0.150559
365,0.151042
365,0.151737
365,0.153745
365,0.154149
365,0.154605
365,0.155579
365,0.157465
365,0.157470
365,0.158243
365,0.158478
365,0.158769
365,0.159104
365,0.159790
365,0.160716
365,0.161068
365,0.161720
365,0.161872
365,0.162476
365,0.163180
365,0.165310
365,0.166844
365,0.167535
365,0.168022
365,0.170291
366,0.171547
366,0.171612
366,0.174028
366,0.175067
366,0.175962
366,0.176227
366,0.177097
366,0.177879
366,0.178644
366,0.178713
366,0.179535
366,0.181117
366,0.185215
366,0.185845
366,0.188331
366,0.188849
366,0.190148
366,0.192252
366,0.193647
366,0.194364
366,0.195259
366,0.196376
366,0.197315
366,0.199466
366,0.200088
366,0.200753
366,0.202761
366,0.204304
366,0.204656
366,0.205920
366,0.206042
366,0.207315
366,0.208180
366,0.208702
366,0.209867
366,0.212087
366,0.213104
366,0.213956
366,0.214413
366,0.214582
366,0.215864
366,0.216603
366,0.216907
366,0.217420
366,0.218811
366,0.223414
366,0.223561
366,0.225808
366,0.231076
366,0.232132
366,0.232675
366,0.232958
366,0.233105
366,0.234153
366,0.234383
366,0.234861
366,0.236217
366,0.237065
366,0.237313
366,0.237660
366,0.238464
366,0.238547
366,0.242024
366,0.242106
366,0.242836
366,0.243149
366,0.243302
366,0.243993
366,0.244053
366,0.246822
366,0.246844
366,0.248539
366,0.249751
366,0.250838
366,0.252733
366,0.253724
366,0.256579
366,0.259591
366,0.259865
366,0.261464
366,0.265184
366,0.266705
366,0.267388
366,0.267540
366,0.267853
366,0.269400
366,0.269435
366,0.269570
366,0.269748
366,0.270400
366,0.272051
366,0.274520
366,0.274581
366,0.275650
366,0.276163
366,0.277258
366,0.277332
366,0.277614
366,0.278679
366,0.279466
366,0.279535
366,0.280361
366,0.280526
366,0.282186
366,0.282738
366,0.282773
366,0.282973
366,0.284846
366,0.285955
366,0.288110
366,0.288306
366,0.288714
366,0.289479
366,0.289697
366,0.289801
366,0.290057
366,0.290175
366,0.292096
366,0.292365
366,0.292717
366,0.293178
366,0.294777
366,0.295381
366,0.296233
366,0.298180
366,0.298611
366,0.299319
366,0.299458
366,0.299723
366,0.304426
366,0.304439
366,0.304986
366,0.305008
366,0.305369
366,0.306503
366,0.308285
366,0.309845
366,0.313101
366,0.315308
366,0.315921
366,0.316586
366,0.316630
366,0.317807
366,0.318294
366,0.318616
366,0.319229
366,0.319389
366,0.320763
366,0.321193
366,0.322653
366,0.324800
366,0.325283
366,0.326561
366,0.329494
366,0.329629
366,0.330051
366,0.330768
366,0.333049
366,0.333067
366,0.333988
366,0.334019
366,0.334779
366,0.334783
367,0.336457
367,0.336587
367,0.337895
367,0.338326
367,0.338586
367,0.338795
367,0.338904
367,0.339034
367,0.339347
367,0.339403
367,0.342689
367,0.344671
367,0.346201
367,0.350856
367,0.351642
367,0.354580
367,0.354628
367,0.356275
367,0.356327
367,0.357605
367,0.358557
367,0.359896
367,0.360917
367,0.361473
367,0.361730
367,0.362029
367,0.363581
367,0.365802
367,0.367853
367,0.368244
367,0.368744
367,0.369161
367,0.369514
367,0.369796
367,0.370387
367,0.370630
367,0.371165
367,0.372990
367,0.374603
367,0.376063
367,0.376198
367,0.376615
367,0.377667
367,0.378123
367,0.379601
367,0.379836
367,0.381809
367,0.384077
367,0.384225
367,0.384356
367,0.385664
367,0.386746
367,0.388428
367,0.388989
367,0.389454
367,0.390340
367,0.391088
367,0.391996
367,0.393048
367,0.394778
367,0.395673
367,0.395756
367,0.395838
367,0.404248
367,0.404448
367,0.406803
367,0.409003
367,0.411367
367,0.411910
367,0.412041
367,0.413136
367,0.413483
367,0.414314
367,0.416421
367,0.416774
367,0.417756
367,0.418664
367,0.418712
367,0.419086
367,0.419333
368,0.422228
368,0.423636
368,0.424258
368,0.424901
368,0.426170
368,0.426478
368,0.426852
368,0.428143
368,0.428504
368,0.428525
368,0.428838
368,0.429886
368,0.430325
368,0.430646
368,0.431724
368,0.431846
368,0.432889
368,0.436066
368,0.436105
369,0.437470
369,0.437826
369,0.438895
369,0.438961
369,0.439413
369,0.440738
369,0.440790
370,0.442025
370,0.442038
370,0.443407
370,0.443724
370,0.443876
370,0.444963
370,0.446353
370,0.446875
370,0.449691
370,0.449943
370,0.450626
370,0.451056
370,0.451699
370,0.452473
370,0.452521
370,0.453120
370,0.453403
370,0.454307
370,0.455198
370,0.457758
370,0.457953
370,0.457962
370,0.460265
370,0.461252
370,0.461335
370,0.461587
370,0.462325
370,0.462499
370,0.464146
370,0.465024
370,0.465276
370,0.465785
370,0.465850
370,0.465924
370,0.467397
370,0.467797
370,0.468558
370,0.470935
370,0.470966
370,0.471744
370,0.471887
370,0.472409
370,0.472504
370,0.472687
370,0.473304
370,0.474112
370,0.474999
370,0.477959
370,0.478819
370,0.480227
370,0.480505
370,0.480571
370,0.481418
370,0.483987
371,0.484313
371,0.484986
371,0.485390
371,0.485751
371,0.485977
371,0.487763
371,0.488185
371,0.489854
371,0.490141
371,0.492018
371,0.492527
371,0.492544
371,0.494361
371,0.496582
371,0.496595
371,0.497668
371,0.497851
371,0.497968
371,0.499442
371,0.500233
371,0.500780
371,0.503240
371,0.504474
371,0.504648
371,0.507169
371,0.508195
371,0.508855
371,0.509281
371,0.510381
371,0.511172
371,0.511641
371,0.511828
371,0.511976
371,0.511984
371,0.513327
371,0.513688
371,0.514223
371,0.516970
371,0.517256
371,0.518521
371,0.518665
371,0.519277
371,0.519303
371,0.519564
371,0.520055
371,0.520503
371,0.522628
371,0.524454
371,0.524984
371,0.527131
371,0.527748
371,0.529799
371,0.530960
371,0.531998
371,0.532377
372,0.537257
372,0.538891
372,0.539504
372,0.539609
372,0.541443
372,0.543785
372,0.545493
372,0.545658
372,0.546671
372,0.547801
372,0.548501
372,0.549222
372,0.550044
372,0.550096
372,0.551261
372,0.551734
372,0.552886
372,0.555520
372,0.558584
372,0.561496
372,0.562200
372,0.564568
372,0.564738
372,0.565638
372,0.565651
372,0.566350
372,0.567485
372,0.568384
372,0.568993
372,0.569280
372,0.569540
372,0.570240
372,0.571166
372,0.571514
372,0.572131
372,0.573495
372,0.574200
372,0.574543
372,0.574947
372,0.575512
372,0.575834
372,0.576429
372,0.576490
372,0.577025
372,0.578654
372,0.578880
372,0.582740
372,0.582818
372,0.584874
372,0.586212
372,0.586256
372,0.586686
372,0.589202
372,0.590154
372,0.590372
372,0.593310
372,0.593683
372,0.593731
372,0.593835
372,0.594431
372,0.597143
372,0.597147
372,0.598490
372,0.599820
372,0.601076
372,0.602119
372,0.602815
372,0.604379
372,0.605040
372,0.605148
372,0.605427
372,0.607834
372,0.609429
372,0.609821
372,0.611550
372,0.613032
372,0.613754
372,0.614110
372,0.614341
372,0.615579
372,0.617105
372,0.617913
373,0.619465
373,0.619617
373,0.620669
373,0.621055
373,0.621373
373,0.621490
373,0.622776
373,0.623254
373,0.623372
373,0.623385
373,0.624371
373,0.628439
373,0.630595
373,0.631295
373,0.632386
373,0.635193
373,0.637323
373,0.638075
373,0.638640
373,0.641213
373,0.642208
373,0.644129
373,0.644620
373,0.648584
373,0.649053
373,0.649575
373,0.650309
373,0.651005
373,0.652143
373,0.652256
373,0.654994
373,0.655116
373,0.655355
373,0.655446
373,0.655659
373,0.656485
373,0.657333
373,0.657845
373,0.657924
373,0.659002
373,0.659862
373,0.660888
373,0.664347
373,0.664773
373,0.665064
373,0.665125
373,0.665234
373,0.665443
373,0.665447
373,0.667285
373,0.669072
373,0.669158
373,0.669311
373,0.669589
374,0.671949
374,0.672357
374,0.674848
374,0.676056
374,0.676886
374,0.677542
374,0.677868
374,0.679937
374,0.680202
374,0.680832
374,0.682010
374,0.682114
374,0.682536
374,0.683827
374,0.684487
374,0.684692
374,0.684957
374,0.686747
374,0.687391
374,0.688003
374,0.689077
375,0.691437
375,0.691598
375,0.693275
375,0.694566
376,0.698517
376,0.699316
376,0.700694
377,0.703793
377,0.704019
377,0.704493
377,0.705223
377,0.705423
377,0.705866
377,0.706109
377,0.707565
377,0.708665
377,0.708987
377,0.710308
377,0.710603
377,0.710708
377,0.711490
377,0.711942
377,0.712976
377,0.712998
377,0.714054
377,0.716032
377,0.716036
377,0.716666
377,0.718965
377,0.719539
377,0.719574
377,0.719708
377,0.719778
377,0.720004
377,0.720752
377,0.720886
378,0.721199
378,0.722086
378,0.722473
378,0.724463
378,0.724702
378,0.725815
378,0.726115
378,0.727292
378,0.728870
378,0.729470
378,0.729918
378,0.732008
378,0.733399
378,0.736280
378,0.736528
378,0.738810
378,0.740114
378,0.740418
378,0.741939
378,0.742608
379,0.744442
379,0.744468
379,0.744568
379,0.744912
379,0.745616
379,0.746668
379,0.748571
379,0.749714
379,0.750601
379,0.751705
379,0.752205
379,0.752948
379,0.752961
379,0.753087
379,0.753282
379,0.754686
379,0.755999
379,0.756303
379,0.757737
379,0.761488
379,0.762874
379,0.762974
379,0.763531
379,0.763917
379,0.765160
379,0.765378
379,0.765686
379,0.766825
379,0.766851
379,0.767299
379,0.767668
379,0.769076
379,0.769168
379,0.769228
379,0.769398
379,0.769467
379,0.769750
379,0.770424
379,0.770802
379,0.771884
380,0.773970
380,0.776760
380,0.777025
380,0.777173
380,0.777495
380,0.778055
380,0.778421
380,0.778486
381,0.781437
381,0.781841
381,0.782276
381,0.782458
382,0.784210
383,0.784583
383,0.784618
384,0.784862
384,0.784879
384,0.785122
387,0.786078
388,0.786396
399,0.790229
402,0.791207
402,0.791324
404,0.792311
405,0.792385
408,0.793245
408,0.793254
411,0.794084
415,0.795118
420,0.797526
427,0.800838
433,0.802989
434,0.803441
435,0.803793
436,0.804093
437,0.804541
440,0.805801
440,0.805966
449,0.809143
449,0.809169
449,0.809378
452,0.810708
457,0.813211
462,0.816323
462,0.816614
463,0.817323
465,0.819257
468,0.822147
470,0.823616
470,0.824099
471,0.825228
472,0.825854
472,0.825937
473,0.826463
473,0.826628
474,0.828123
474,0.828501
476,0.830696
477,0.830965
477,0.831057
478,0.832521
478,0.833317
481,0.837063
482,0.838076
482,0.838602
483,0.839884
484,0.840414
486,0.843539
488,0.845951
488,0.846342
491,0.849915
491,0.849962
492,0.851644
493,0.852340
494,0.853852
494,0.854130
496,0.855573
497,0.856990
498,0.859133
499,0.859780
499,0.860002
503,0.864761
506,0.867608
506,0.868303
507,0.869637
508,0.870581
509,0.871237
510,0.872736
510,0.873245
511,0.873975
512,0.874709
512,0.875300
515,0.878204
518,0.881607
518,0.881624
519,0.882663
520,0.883480
520,0.883862
521,0.885249
524,0.888778
525,0.889773
528,0.892972
532,0.896179
535,0.897800
537,0.899726
540,0.901442
540,0.901599
541,0.902168
542,0.902859
546,0.905428
548,0.907110
559,0.913451
561,0.915220
563,0.916332
565,0.917649
565,0.917749
567,0.919027
572,0.922269
575,0.924077
575,0.924125
577,0.925090
579,0.926385
582,0.928171
584,0.929249
584,0.929401
587,0.930640
592,0.933161
593,0.933578
596,0.935008
596,0.935138
596,0.935186
603,0.938024
608,0.939854
611,0.940710
614,0.941657
617,0.942474
618,0.942709
618,0.942818
619,0.943052
624,0.944239
625,0.944443
628,0.945104
630,0.945612
639,0.947507
640,0.947755
649,0.949420
666,0.951640
667,0.951714
669,0.951862
679,0.952810
681,0.953001
734,0.957264
750,0.958099
772,0.959003
784,0.959533
820,0.961050
860,0.962771
886,0.963988
916,0.964948
1062,0.968234
1083,0.968573
1099,0.968825
1119,0.969138
1121,0.969186
1132,0.969473
1143,0.969612
1180,0.970194
1224,0.970685
1290,0.971311
1318,0.971620
1368,0.972228
1451,0.973041
1470,0.973197
1532,0.973754
1544,0.973871
1568,0.974084
1598,0.974249
1630,0.974549
1922,0.976413
2076,0.977018
2292,0.977839
2548,0.978752
3721,0.982659
3763,0.982789
3834,0.983037
4096,0.983958
4757,0.985836
4785,0.985901
4852,0.986144
4971,0.986401
5670,0.988109
6277,0.989782
6544,0.990695
7056,0.991907
9128,0.993811
11179,0.995158
28419488,0.996280
29212822,0.997397
29318660,0.997670
29888277,0.999135
138840844,0.999996
