11102.584328
90393.742699
352,0.000000
364,0.001520
364,0.002048
364,0.003422
364,0.003582
364,0.003737
364,0.004105
364,0.004600
364,0.005740
364,0.005951
364,0.008248
364,0.009201
364,0.009429
364,0.012098
364,0.012831
364,0.013427
364,0.016639
364,0.017146
364,0.018241
365,0.019429
365,0.021061
365,0.021524
365,0.026386
365,0.026846
365,0.026869
365,0.028977
365,0.031467
365,0.032072
365,0.033031
365,0.034758
365,0.035370
365,0.036144
365,0.036732
365,0.039115
365,0.039445
365,0.041977
365,0.043033
365,0.043422
365,0.043947
365,0.045057
365,0.045755
365,0.045918
365,0.046328
365,0.049325
365,0.049919
365,0.050260
365,0.050738
365,0.051026
365,0.052207
365,0.054074
365,0.055306
365,0.055448
365,0.058583
365,0.058612
365,0.058859
365,0.059262
365,0.059660
365,0.059710
365,0.061016
365,0.061197
365,0.063907
365,0.064919
365,0.065062
365,0.067786
365,0.067822
365,0.068089
365,0.068223
365,0.069638
365,0.070843
365,0.071194
365,0.071666
365,0.072164
365,0.072701
365,0.074224
365,0.074951
365,0.076029
365,0.081226
365,0.081463
365,0.081908
365,0.082665
365,0.083351
365,0.084152
365,0.085277
365,0.085672
365,0.085924
365,0.087399
365,0.087871
365,0.088488
365,0.090575
365,0.091492
365,0.091519
365,0.091821
365,0.091916
365,0.094481
365,0.094591
365,0.094840
365,0.094881
365,0.095392
365,0.098179
365,0.098591
365,0.099900
365,0.100161
365,0.100978
365,0.101829
365,0.102049
365,0.105391
365,0.105415
365,0.105507
365,0.105795
365,0.106103
365,0.106302
365,0.106946
365,0.109511
365,0.111398
365,0.112143
365,0.113129
365,0.113247
365,0.114999
365,0.116782
365,0.117456
365,0.118996
365,0.119121
365,0.119602
365,0.120480
365,0.120650
365,0.121035
365,0.121285
365,0.121288
365,0.123175
365,0.123422
365,0.124461
365,0.127800
365,0.128740
365,0.129224
365,0.129251
365,0.133195
365,0.136104
365,0.136172
365,0.137766
365,0.140500
365,0.142975
365,0.143471
365,0.143578
365,0.146465
365,0.146593
365,0.147380
365,0.148211
365,0.148629
365,0.150463
365,0.151707
365,0.151772
365,0.151903
366,0.152986
366,0.153752
366,0.154111
366,0.155500
366,0.156815
366,0.158064
366,0.158587
366,0.161344
366,0.164449
366,0.164986
366,0.165906
366,0.167013
366,0.167233
366,0.168191
366,0.168625
366,0.169456
366,0.170545
366,0.175136
366,0.176134
366,0.176977
366,0.177425
366,0.178247
366,0.178250
366,0.180511
366,0.180707
366,0.180859
366,0.183536
366,0.185358
366,0.185697
366,0.186439
366,0.186783
366,0.188249
366,0.189703
366,0.190119
366,0.190626
366,0.191710
366,0.192464
366,0.193986
366,0.195687
366,0.196450
366,0.198127
366,0.199062
366,0.201101
366,0.203267
366,0.203683
366,0.204597
366,0.208491
366,0.208797
366,0.210346
366,0.210640
366,0.210744
366,0.210761
366,0.214145
366,0.215127
366,0.216742
366,0.216908
366,0.218995
366,0.219615
366,0.219636
366,0.221105
366,0.221963
366,0.222022
366,0.222536
366,0.222948
366,0.223283
366,0.223966
366,0.224497
366,0.226946
366,0.227050
366,0.229487
366,0.229772
366,0.231431
366,0.232045
366,0.232639
366,0.232784
366,0.233366
366,0.233835
366,0.233950
366,0.234321
366,0.234583
366,0.235981
366,0.237221
366,0.240299
366,0.241332
366,0.241958
366,0.242525
366,0.242961
366,0.243953
366,0.245268
366,0.247630
366,0.248612
366,0.248651
366,0.248788
366,0.249773
366,0.250301
366,0.250684
366,0.251337
366,0.253777
366,0.255537
366,0.256071
366,0.259051
366,0.259306
366,0.261381
366,0.261701
366,0.261716
366,0.262283
366,0.262850
366,0.263322
366,0.264699
366,0.265002
366,0.265037
366,0.265999
366,0.266875
366,0.266886
366,0.266955
366,0.268519
366,0.270205
366,0.271062
366,0.272362
366,0.272772
366,0.272867
366,0.273280
366,0.274286
366,0.275161
366,0.275865
366,0.276755
366,0.277746
366,0.278948
366,0.279521
366,0.280777
366,0.281519
366,0.282175
366,0.282994
366,0.283620
366,0.283780
366,0.284128
366,0.284810
366,0.285558
366,0.286110
366,0.286190
366,0.287146
366,0.287654
366,0.287725
366,0.288636
366,0.288725
366,0.289509
366,0.290346
366,0.290589
366,0.291812
366,0.291954
366,0.292492
366,0.292652
366,0.293082
366,0.293560
366,0.293610
366,0.296920
366,0.298428
366,0.299362
366,0.299799
366,0.300375
366,0.301407
366,0.302514
366,0.303153
366,0.304702
366,0.305138
366,0.305575
366,0.306474
366,0.306524
366,0.309388
366,0.310590
366,0.311576
366,0.313354
366,0.315505
366,0.316069
366,0.316179
366,0.318479
367,0.322050
367,0.322635
367,0.323955
367,0.329013
367,0.329298
367,0.329969
367,0.330004
367,0.330461
367,0.330574
367,0.331257
367,0.331577
367,0.332477
367,0.335587
367,0.337748
367,0.338792
367,0.339434
367,0.341019
367,0.342559
367,0.342618
367,0.343161
367,0.344809
367,0.348139
367,0.350495
367,0.351371
367,0.353817
367,0.354149
367,0.356247
367,0.356782
367,0.357758
367,0.357868
367,0.359209
367,0.362068
367,0.363706
367,0.364196
367,0.364769
367,0.365012
367,0.367561
367,0.367564
367,0.367742
367,0.367784
367,0.371375
367,0.371850
367,0.371892
367,0.372010
367,0.377629
367,0.378858
367,0.378970
367,0.379279
367,0.380440
367,0.380867
367,0.380873
367,0.382143
367,0.386319
367,0.387364
367,0.388830
367,0.390599
367,0.393163
367,0.393793
367,0.397601
367,0.399114
367,0.399135
367,0.399601
367,0.400201
367,0.400503
367,0.401296
367,0.405024
367,0.408823
367,0.412396
367,0.412749
367,0.412978
368,0.416480
368,0.417552
368,0.418522
368,0.418902
368,0.419288
368,0.419680
368,0.419867
368,0.420784
369,0.425898
369,0.426073
370,0.427227
370,0.427966
370,0.428192
370,0.428314
370,0.429249
370,0.430397
370,0.431795
370,0.432249
370,0.433991
370,0.434146
370,0.435754
370,0.437084
370,0.437408
370,0.437482
370,0.437532
370,0.437713
370,0.439316
370,0.440497
370,0.442061
370,0.443017
370,0.446125
370,0.449476
370,0.450191
370,0.450271
370,0.450357
370,0.450399
370,0.450856
370,0.451874
370,0.452420
370,0.452506
370,0.452711
370,0.455830
370,0.457109
370,0.458163
370,0.459694
370,0.461270
370,0.462060
370,0.462704
370,0.464090
371,0.465087
371,0.465788
371,0.465927
371,0.466203
371,0.467586
371,0.467862
371,0.470180
371,0.470213
371,0.470596
371,0.472721
371,0.472970
371,0.473879
371,0.475113
371,0.475837
371,0.476363
371,0.479013
371,0.479263
371,0.480269
371,0.481183
371,0.481940
371,0.482934
371,0.483079
371,0.483326
371,0.484041
371,0.484097
371,0.485911
371,0.486080
371,0.487110
371,0.488627
371,0.489992
371,0.490716
371,0.492826
371,0.494474
371,0.494948
371,0.495498
371,0.496611
371,0.496973
371,0.497510
371,0.499537
371,0.502354
371,0.503119
371,0.503389
371,0.503407
371,0.504909
371,0.505147
371,0.505351
371,0.505618
371,0.506895
371,0.508536
371,0.509489
371,0.512768
371,0.512816
371,0.513021
371,0.513038
371,0.514347
372,0.515190
372,0.515481
372,0.515882
372,0.516722
372,0.517223
372,0.517351
372,0.518473
372,0.518695
372,0.518915
372,0.519800
372,0.521435
372,0.521459
372,0.523088
372,0.523153
372,0.523432
372,0.525178
372,0.525866
372,0.526935
372,0.528063
372,0.528261
372,0.528493
372,0.528635
372,0.530493
372,0.531286
372,0.531399
372,0.534159
372,0.536213
372,0.538163
372,0.538949
372,0.538979
372,0.539935
372,0.540234
372,0.540881
372,0.541238
372,0.542303
372,0.544259
372,0.546906
372,0.547978
372,0.548209
372,0.548373
372,0.548625
372,0.553617
372,0.554585
372,0.557345
372,0.560132
372,0.560265
372,0.560399
372,0.561438
372,0.561969
372,0.562251
372,0.562486
372,0.563296
372,0.564367
372,0.564430
372,0.564685
372,0.564848
372,0.565077
372,0.565189
372,0.566988
372,0.567359
372,0.567525
372,0.567549
372,0.568229
372,0.568935
372,0.568985
372,0.569861
372,0.570974
372,0.571496
372,0.571838
372,0.572408
372,0.572805
372,0.573090
372,0.573571
372,0.574019
372,0.574773
372,0.576949
372,0.577462
372,0.578305
372,0.578421
372,0.578833
372,0.579192
372,0.581030
372,0.581137
372,0.583003
372,0.585933
372,0.586336
372,0.587280
372,0.588402
372,0.589011
372,0.591329
372,0.591516
372,0.591679
372,0.591720
372,0.592373
372,0.592540
372,0.592718
372,0.593935
372,0.595531
372,0.595617
373,0.599598
373,0.601037
373,0.601073
373,0.602462
373,0.602833
373,0.602945
373,0.603385
373,0.603711
373,0.604008
373,0.604183
373,0.604551
373,0.604723
373,0.605611
373,0.606243
373,0.606287
373,0.606302
373,0.606543
373,0.606569
373,0.606825
373,0.607243
373,0.608424
373,0.609935
373,0.610449
373,0.611847
373,0.613034
373,0.613488
373,0.614402
373,0.614580
373,0.615316
373,0.616634
373,0.617260
373,0.617317
373,0.618462
373,0.618896
373,0.620415
373,0.620427
373,0.621314
373,0.622282
373,0.624140
373,0.625758
373,0.626957
373,0.628328
373,0.628645
373,0.628939
373,0.629141
373,0.631504
373,0.631655
373,0.632427
373,0.632504
373,0.632507
373,0.633421
373,0.633433
373,0.633923
373,0.634038
373,0.634528
373,0.635234
373,0.635692
373,0.636152
373,0.636208
373,0.637639
373,0.639072
373,0.639410
373,0.639482
373,0.639597
373,0.639669
373,0.640043
373,0.640612
373,0.641046
373,0.641509
373,0.643394
373,0.643931
373,0.644545
373,0.645839
373,0.646044
373,0.646177
373,0.647065
373,0.647145
373,0.648326
373,0.648602
373,0.650451
373,0.651366
373,0.651499
373,0.651748
374,0.652164
374,0.654621
374,0.657118
374,0.658545
374,0.658916
374,0.662229
374,0.662335
374,0.662573
374,0.662650
374,0.663063
374,0.664164
374,0.665740
374,0.665811
374,0.665882
374,0.667746
375,0.668696
375,0.670129
375,0.670316
376,0.671515
376,0.674561
376,0.676122
376,0.677211
376,0.677351
377,0.677882
377,0.678481
377,0.680879
377,0.686442
377,0.686872
377,0.688332
377,0.688362
377,0.688760
377,0.689591
377,0.690454
377,0.691259
377,0.692701
377,0.693087
378,0.695340
378,0.699450
378,0.699599
378,0.699913
378,0.701555
378,0.701727
378,0.702021
378,0.702561
378,0.702691
378,0.704819
378,0.705095
378,0.705336
378,0.706787
378,0.708253
378,0.708892
378,0.710794
378,0.712518
378,0.712913
378,0.713649
378,0.715320
379,0.716962
379,0.718434
379,0.719603
379,0.720485
379,0.720891
379,0.722363
379,0.722441
379,0.722693
379,0.724851
379,0.725067
379,0.725610
379,0.727632
379,0.729694
379,0.730561
379,0.731466
379,0.732870
379,0.732912
379,0.733921
379,0.734051
379,0.736111
379,0.737177
379,0.737319
379,0.737948
379,0.738622
379,0.738868
379,0.739789
379,0.740388
379,0.740430
379,0.741023
379,0.742406
379,0.742439
379,0.742442
379,0.742941
379,0.743039
380,0.748897
380,0.748963
380,0.749013
381,0.751818
381,0.752225
382,0.753041
383,0.753379
389,0.755175
394,0.756783
399,0.757858
410,0.760381
418,0.765308
418,0.765474
418,0.765868
418,0.766459
420,0.768308
421,0.771036
423,0.773603
424,0.775310
425,0.776978
425,0.777331
427,0.780047
428,0.782822
431,0.785291
431,0.785345
432,0.785739
432,0.785929
434,0.786526
439,0.787755
448,0.791254
449,0.791874
454,0.793821
455,0.794542
459,0.797113
462,0.800176
462,0.800253
463,0.801657
464,0.803360
465,0.804438
466,0.807124
467,0.807812
467,0.808133
467,0.808652
468,0.810623
469,0.811879
469,0.812152
469,0.812701
469,0.813000
469,0.813137
469,0.813161
470,0.815324
470,0.815642
471,0.817574
472,0.818910
473,0.820996
473,0.821219
473,0.821400
474,0.823932
474,0.824602
475,0.825202
475,0.825757
476,0.827894
477,0.829114
478,0.831295
479,0.831648
479,0.831868
479,0.832426
479,0.832661
480,0.833011
480,0.834148
481,0.835854
481,0.836136
482,0.836439
482,0.836486
482,0.837359
482,0.837525
485,0.841247
488,0.845364
488,0.845462
488,0.846094
489,0.846863
490,0.848020
491,0.848720
491,0.849460
492,0.850077
493,0.851531
494,0.852238
495,0.853686
495,0.854259
495,0.854490
495,0.854508
496,0.855357
496,0.855882
498,0.857803
501,0.861213
501,0.862174
502,0.862691
502,0.863187
503,0.863670
504,0.865558
504,0.865819
505,0.866125
505,0.866710
505,0.866938
506,0.868496
507,0.869384
507,0.869743
508,0.870399
508,0.870645
509,0.871034
510,0.872479
511,0.873518
512,0.874916
512,0.875287
513,0.876216
513,0.876436
513,0.876486
515,0.878962
516,0.879656
517,0.880267
519,0.882618
519,0.883295
520,0.884396
521,0.885090
521,0.885913
522,0.886640
525,0.890391
526,0.891525
531,0.895600
531,0.895989
532,0.896470
533,0.897058
533,0.897135
538,0.901471
539,0.901830
539,0.902050
540,0.902860
542,0.904448
544,0.905451
547,0.907766
550,0.909164
555,0.912969
557,0.914014
561,0.917397
563,0.918380
563,0.918501
564,0.919772
566,0.920846
566,0.920873
566,0.921422
567,0.921668
567,0.921811
567,0.921879
569,0.923262
569,0.923289
570,0.923354
572,0.925194
575,0.926791
575,0.927221
576,0.927661
577,0.928590
579,0.929418
582,0.931721
583,0.932012
584,0.932594
584,0.932608
584,0.932858
590,0.936072
590,0.936280
592,0.937268
592,0.937319
592,0.937378
593,0.937888
597,0.939844
601,0.941916
604,0.943163
614,0.947199
617,0.948499
624,0.950597
624,0.950660
627,0.951586
630,0.952476
631,0.952746
632,0.952972
640,0.955044
643,0.955952
646,0.956596
647,0.956988
654,0.958181
658,0.958771
659,0.958837
666,0.960030
673,0.961128
685,0.963066
687,0.963333
698,0.964627
725,0.967132
739,0.968052
745,0.968376
756,0.969023
758,0.969088
765,0.969495
985,0.976048
1003,0.976330
1057,0.977010
1098,0.977505
1125,0.977796
1463,0.980560
1495,0.980791
1765,0.982171
1902,0.982717
2049,0.983254
2361,0.984172
2668,0.985041
3928,0.987893
4081,0.988199
4246,0.988555
5380,0.990767
5382,0.990772
7013,0.993924
8058,0.994948
8925,0.995474
9902,0.996159
10223,0.996373
27697354,0.997145
30289389,0.999810
138881267,0.999997
