17482.823421
57409.644861
362,0.000000
364,0.000654
364,0.002004
364,0.003981
364,0.005753
364,0.006723
364,0.007323
364,0.007353
364,0.007917
364,0.008020
364,0.008721
364,0.009730
364,0.010133
364,0.010309
364,0.010403
364,0.011110
364,0.013360
364,0.013897
364,0.015271
364,0.015743
364,0.015997
365,0.018385
365,0.018962
365,0.019188
365,0.021976
365,0.022549
365,0.023885
365,0.024114
365,0.025897
365,0.028302
365,0.028752
365,0.029322
365,0.030192
365,0.030445
365,0.030927
365,0.031436
365,0.032788
365,0.033357
365,0.034677
365,0.034929
365,0.035251
365,0.036320
365,0.037634
365,0.038867
365,0.040211
365,0.041012
365,0.041015
365,0.042109
365,0.042951
365,0.048529
365,0.048630
365,0.049000
365,0.049196
365,0.050395
365,0.051742
365,0.052538
365,0.053771
365,0.054121
365,0.054954
365,0.058862
365,0.063391
365,0.063713
365,0.063808
365,0.063921
365,0.064528
365,0.065080
365,0.066045
365,0.066937
365,0.067278
365,0.067415
365,0.070642
365,0.071607
365,0.074237
365,0.075224
365,0.078589
365,0.078936
365,0.079145
365,0.079490
365,0.079679
365,0.080872
365,0.081154
365,0.081856
365,0.082562
365,0.083186
365,0.083665
365,0.084624
365,0.085039
365,0.085754
365,0.087529
365,0.088274
365,0.088841
365,0.088871
365,0.089661
365,0.091137
365,0.091159
365,0.091354
365,0.094567
365,0.094912
365,0.094999
365,0.095269
365,0.095291
365,0.096296
365,0.097287
365,0.100171
365,0.102882
365,0.103142
365,0.103594
365,0.104195
365,0.106474
365,0.106625
365,0.107015
365,0.107743
365,0.109300
365,0.111624
365,0.112216
365,0.113117
365,0.113782
365,0.114689
365,0.114877
365,0.115497
365,0.115616
365,0.116138
365,0.116208
365,0.116952
365,0.117680
365,0.118048
365,0.118615
365,0.121276
365,0.121535
365,0.122226
365,0.122583
365,0.122884
365,0.125580
365,0.126119
365,0.126454
365,0.127248
365,0.127342
365,0.128237
365,0.129434
365,0.130431
365,0.132162
365,0.132427
365,0.132616
365,0.133685
365,0.134152
365,0.134229
365,0.134314
365,0.134605
365,0.135279
365,0.137277
365,0.137566
365,0.139151
365,0.140438
365,0.140529
365,0.141398
365,0.142042
365,0.142563
365,0.143531
365,0.144086
365,0.146949
365,0.147429
366,0.147767
366,0.148308
366,0.148728
366,0.149392
366,0.150879
366,0.151026
366,0.152781
366,0.154275
366,0.154707
366,0.156366
366,0.158343
366,0.158545
366,0.159078
366,0.159877
366,0.160818
366,0.161434
366,0.163900
366,0.164348
366,0.166299
366,0.166407
366,0.169021
366,0.170142
366,0.170862
366,0.172110
366,0.173946
366,0.175494
366,0.176723
366,0.178926
366,0.179407
366,0.184498
366,0.184507
366,0.184735
366,0.188895
366,0.189408
366,0.190484
366,0.191050
366,0.192774
366,0.193395
366,0.194563
366,0.196482
366,0.196514
366,0.196929
366,0.197443
366,0.198429
366,0.200972
366,0.201784
366,0.205524
366,0.205579
366,0.205891
366,0.207844
366,0.209201
366,0.211065
366,0.211182
366,0.211190
366,0.211808
366,0.212114
366,0.212445
366,0.213895
366,0.215009
366,0.215184
366,0.215812
366,0.217005
366,0.217991
366,0.219646
366,0.219827
366,0.219889
366,0.221037
366,0.221453
366,0.221662
366,0.222673
366,0.222969
366,0.223246
366,0.223570
366,0.224970
366,0.227362
366,0.228365
366,0.228746
366,0.229554
366,0.233062
366,0.233622
366,0.234353
366,0.234485
366,0.234568
366,0.235794
366,0.235942
366,0.236057
366,0.236715
366,0.238879
366,0.239577
366,0.240214
366,0.241556
366,0.242004
366,0.245423
366,0.246811
366,0.247035
366,0.247559
366,0.248115
366,0.249229
366,0.249355
366,0.249563
366,0.249721
366,0.249898
366,0.251257
366,0.252245
366,0.252954
366,0.253059
366,0.253344
366,0.253860
366,0.254876
366,0.255870
366,0.257408
366,0.258156
366,0.258955
366,0.262998
366,0.263909
366,0.264927
366,0.267403
366,0.267854
366,0.268272
366,0.269301
366,0.270728
366,0.271663
366,0.272453
366,0.272843
366,0.272986
366,0.273882
366,0.274575
366,0.279092
366,0.279568
366,0.279610
366,0.280714
366,0.281730
366,0.282237
366,0.283125
366,0.283344
366,0.283702
366,0.283879
366,0.288269
366,0.288458
366,0.289871
366,0.291377
366,0.293743
366,0.294638
366,0.296193
366,0.297575
366,0.297739
366,0.297869
366,0.298248
366,0.298327
366,0.299462
366,0.300828
366,0.302225
366,0.302238
366,0.302442
366,0.304394
366,0.304783
366,0.305787
366,0.306754
366,0.308717
366,0.311291
366,0.312782
366,0.314064
366,0.314486
366,0.314594
366,0.315483
367,0.316151
367,0.316465
367,0.317336
367,0.318252
367,0.320162
367,0.320352
367,0.320965
367,0.321036
367,0.322064
367,0.323360
367,0.324126
367,0.324910
367,0.326105
367,0.326793
367,0.328037
367,0.329245
367,0.329479
367,0.329607
367,0.331458
367,0.331940
367,0.335627
367,0.336641
367,0.337384
367,0.337523
367,0.341046
367,0.343894
367,0.345221
367,0.346916
367,0.346997
367,0.347532
367,0.348013
367,0.350324
367,0.350375
367,0.351696
367,0.355571
367,0.356406
367,0.357818
367,0.358370
367,0.359334
367,0.361400
367,0.361961
367,0.362169
367,0.362280
367,0.362314
367,0.362513
367,0.364035
367,0.364289
367,0.364351
367,0.364530
367,0.364606
367,0.364922
367,0.367186
367,0.373389
367,0.375996
367,0.377078
367,0.378036
367,0.378243
367,0.378856
367,0.379981
367,0.381131
367,0.381853
367,0.383796
367,0.385811
367,0.386793
367,0.386804
367,0.387667
367,0.389430
367,0.390883
367,0.391079
367,0.394444
367,0.395247
367,0.395938
367,0.397582
367,0.397906
367,0.400994
367,0.403308
367,0.405269
367,0.406062
367,0.406675
367,0.407561
367,0.408192
367,0.408824
367,0.410641
367,0.411268
367,0.411408
368,0.412181
368,0.412390
368,0.413408
368,0.413455
368,0.417867
368,0.418991
368,0.419355
368,0.419896
369,0.420472
369,0.420815
369,0.421958
369,0.422499
370,0.423588
370,0.424806
370,0.424840
370,0.424889
370,0.425288
370,0.425392
370,0.425952
370,0.427938
370,0.429950
370,0.430892
370,0.435574
370,0.437619
370,0.437725
370,0.437893
370,0.438066
370,0.439127
370,0.439834
370,0.439992
370,0.442311
370,0.442940
370,0.444869
370,0.445462
370,0.446508
370,0.448001
370,0.448521
370,0.448855
370,0.450148
370,0.451279
370,0.451713
370,0.451801
370,0.451871
370,0.453369
370,0.453520
370,0.454619
370,0.455145
370,0.455219
370,0.457999
370,0.458172
370,0.461476
371,0.463674
371,0.465248
371,0.465576
371,0.466111
371,0.466200
371,0.468141
371,0.470692
371,0.471966
371,0.472660
371,0.473934
371,0.474510
371,0.476133
371,0.476199
371,0.476944
371,0.478135
371,0.479049
371,0.482027
371,0.482657
371,0.485435
371,0.487322
371,0.488423
371,0.489220
371,0.490894
371,0.491397
371,0.491559
371,0.491846
371,0.493531
371,0.493576
371,0.493782
371,0.494181
371,0.494643
371,0.496611
371,0.496841
371,0.496948
371,0.498196
371,0.499267
371,0.499555
371,0.499761
371,0.501561
371,0.504288
371,0.509462
371,0.509660
371,0.511845
372,0.512861
372,0.513183
372,0.513965
372,0.514297
372,0.514659
372,0.515074
372,0.515820
372,0.516497
372,0.516827
372,0.518137
372,0.519343
372,0.520118
372,0.521058
372,0.522334
372,0.522459
372,0.524547
372,0.525457
372,0.526053
372,0.528703
372,0.533923
372,0.536707
372,0.536859
372,0.537027
372,0.538329
372,0.539038
372,0.540507
372,0.541671
372,0.544529
372,0.546514
372,0.547613
372,0.549256
372,0.551103
372,0.552442
372,0.554308
372,0.556364
372,0.556385
372,0.556803
372,0.556896
372,0.557652
372,0.558722
372,0.559090
372,0.561141
372,0.562488
372,0.562718
372,0.563909
372,0.564100
372,0.564846
372,0.566256
372,0.566774
372,0.567078
372,0.573979
372,0.574684
372,0.576229
372,0.577933
372,0.578921
372,0.579309
372,0.579663
372,0.580027
372,0.580410
372,0.581326
372,0.581537
372,0.581874
372,0.583697
372,0.584877
372,0.586457
372,0.588243
372,0.588709
372,0.588835
372,0.592083
372,0.592831
372,0.593721
372,0.594680
373,0.595082
373,0.595489
373,0.597551
373,0.598079
373,0.599287
373,0.600100
373,0.600427
373,0.600524
373,0.600607
373,0.601185
373,0.602171
373,0.602753
373,0.603896
373,0.603947
373,0.603984
373,0.606026
373,0.606785
373,0.607221
373,0.607694
373,0.608289
373,0.608604
373,0.609526
373,0.609577
373,0.610310
373,0.611094
373,0.613767
373,0.614185
373,0.615825
373,0.615838
373,0.619736
373,0.620130
373,0.622302
373,0.622351
373,0.625227
373,0.626467
373,0.629025
373,0.629091
373,0.631462
373,0.631485
373,0.631670
373,0.632071
373,0.632271
373,0.632584
373,0.632733
373,0.635193
373,0.636060
373,0.636457
373,0.643149
373,0.644821
373,0.645705
373,0.646762
373,0.646905
373,0.647763
373,0.648379
373,0.648398
374,0.648530
374,0.648732
374,0.648937
374,0.649331
374,0.650317
374,0.650383
374,0.650519
374,0.651569
374,0.653254
374,0.653853
374,0.653889
374,0.654189
374,0.654860
374,0.656273
374,0.656861
374,0.657105
374,0.657704
374,0.658068
374,0.658479
374,0.659627
374,0.661977
374,0.662991
374,0.663826
376,0.666505
376,0.667511
376,0.667756
376,0.668878
376,0.671630
377,0.673087
377,0.674457
377,0.675609
377,0.675952
377,0.677077
377,0.677575
377,0.678161
377,0.678436
377,0.681013
377,0.681062
377,0.681307
377,0.681738
377,0.683340
377,0.683806
377,0.684782
377,0.685063
377,0.685640
377,0.685825
377,0.688671
378,0.689585
378,0.690126
378,0.690724
378,0.691864
378,0.691911
378,0.692654
378,0.698448
378,0.702312
378,0.702729
378,0.703232
378,0.703780
378,0.703909
378,0.704231
378,0.706368
378,0.708231
378,0.708359
379,0.711141
379,0.711716
379,0.712336
379,0.712377
379,0.714234
379,0.714570
379,0.714752
379,0.715574
379,0.716511
379,0.716584
379,0.716733
379,0.717056
379,0.719257
379,0.719263
379,0.719427
379,0.719860
379,0.720230
379,0.722335
379,0.725558
379,0.728192
379,0.729349
379,0.730932
379,0.731324
379,0.731402
379,0.732949
379,0.733458
379,0.734165
379,0.734344
379,0.734450
379,0.734712
379,0.735326
379,0.736263
379,0.737433
379,0.737447
379,0.737820
380,0.738063
380,0.739331
380,0.739724
380,0.741228
380,0.741627
381,0.745199
381,0.745229
381,0.745635
381,0.746002
394,0.748978
395,0.749346
401,0.750047
402,0.750245
414,0.752132
415,0.752654
415,0.752665
416,0.754173
416,0.754241
417,0.755253
418,0.756674
419,0.758556
419,0.758616
419,0.759104
421,0.761347
421,0.761980
422,0.762880
423,0.764642
423,0.764655
423,0.764955
424,0.765988
425,0.767824
425,0.768819
425,0.769030
426,0.770146
426,0.771362
429,0.774982
429,0.775348
430,0.776287
435,0.778008
439,0.778935
440,0.779365
442,0.780043
443,0.780445
444,0.780820
445,0.781131
448,0.782398
450,0.783203
451,0.783740
453,0.784767
456,0.786588
456,0.786876
457,0.786916
457,0.787336
459,0.789078
462,0.791726
462,0.792077
462,0.792825
463,0.793202
463,0.794418
465,0.796615
465,0.796881
465,0.797371
467,0.799880
467,0.799952
468,0.801345
468,0.802417
468,0.802702
468,0.802839
469,0.803100
470,0.805691
470,0.806449
470,0.806566
470,0.807309
471,0.809446
472,0.811125
473,0.812748
473,0.813802
473,0.815195
474,0.816803
475,0.817432
475,0.817451
475,0.817883
475,0.818088
476,0.819447
476,0.819739
476,0.819883
477,0.820921
477,0.821668
478,0.822917
478,0.823317
478,0.823519
479,0.824029
479,0.824995
480,0.825822
480,0.825920
480,0.826280
480,0.826508
481,0.827677
481,0.827918
481,0.828687
482,0.829177
482,0.829607
482,0.829650
482,0.830020
482,0.830506
483,0.830757
483,0.832127
484,0.832921
485,0.835467
486,0.835718
486,0.836323
486,0.836747
487,0.838391
488,0.838903
488,0.839474
490,0.841864
490,0.842356
491,0.842854
491,0.843813
491,0.843887
492,0.844211
492,0.844283
492,0.844407
493,0.845685
493,0.845783
493,0.846215
495,0.848290
495,0.848546
495,0.848626
495,0.849112
496,0.850844
498,0.852908
498,0.853108
498,0.853308
499,0.853613
499,0.854755
500,0.856182
501,0.856589
503,0.859336
504,0.860651
504,0.860749
505,0.862091
507,0.864747
507,0.865211
508,0.866355
510,0.869563
511,0.869650
512,0.872262
513,0.872837
514,0.874315
516,0.876880
517,0.877453
517,0.877772
518,0.878641
518,0.878776
519,0.880017
519,0.880337
519,0.880409
521,0.882872
521,0.883736
523,0.885975
523,0.885990
524,0.887560
525,0.887764
525,0.888227
527,0.889971
527,0.890893
529,0.892372
529,0.892879
529,0.893028
530,0.893407
530,0.893695
530,0.893720
532,0.895411
532,0.895578
533,0.896609
536,0.899188
538,0.900664
539,0.901733
540,0.902404
543,0.905231
545,0.906398
546,0.907727
547,0.907968
549,0.909687
549,0.910299
552,0.911809
553,0.913287
561,0.919241
561,0.919458
561,0.919879
561,0.919928
561,0.919980
562,0.920883
564,0.922144
564,0.922208
566,0.924093
568,0.925742
568,0.925744
572,0.928543
573,0.929386
574,0.930862
576,0.931816
576,0.931949
577,0.933046
579,0.934854
582,0.936705
583,0.937184
583,0.937238
584,0.938106
585,0.938775
588,0.941135
589,0.941579
589,0.941725
591,0.942618
591,0.942806
591,0.942867
592,0.943159
593,0.944222
594,0.944394
595,0.944936
595,0.945317
599,0.947394
600,0.948239
604,0.950372
607,0.951764
615,0.955283
617,0.955929
619,0.956706
622,0.957695
627,0.959571
632,0.961327
633,0.961539
635,0.962138
636,0.962547
638,0.963139
643,0.964462
647,0.965550
661,0.968353
667,0.969316
668,0.969591
676,0.970778
677,0.971010
681,0.971621
681,0.971674
700,0.974179
700,0.974232
709,0.975025
712,0.975285
732,0.976961
732,0.976968
734,0.977149
740,0.977528
795,0.979882
825,0.980946
835,0.981225
870,0.982163
879,0.982406
881,0.982501
984,0.984242
989,0.984293
1024,0.984704
1077,0.985128
1296,0.986529
2505,0.989886
5448,0.993699
5859,0.994187
7712,0.996324
9518,0.997224
11935,0.997844
28685399,0.998551
139176167,0.999998
