14354.570124
69913.835299
360,0.000000
361,0.000324
362,0.000342
362,0.000475
362,0.000544
362,0.006285
362,0.009056
362,0.009396
362,0.009424
362,0.011109
362,0.012890
362,0.013065
362,0.013565
363,0.016999
363,0.017254
363,0.017323
363,0.018379
363,0.018581
363,0.018661
363,0.021154
363,0.021499
363,0.021889
363,0.023466
363,0.027849
363,0.028817
363,0.030183
363,0.030725
363,0.030748
363,0.031717
363,0.033090
363,0.035548
363,0.035681
363,0.036306
363,0.036829
363,0.038112
363,0.039742
363,0.040557
363,0.041246
363,0.042610
363,0.042874
363,0.043482
363,0.043659
363,0.044793
363,0.045739
363,0.046354
363,0.048519
363,0.048992
363,0.051755
363,0.051896
363,0.058762
363,0.060601
363,0.061588
363,0.062249
363,0.062894
363,0.063197
363,0.064134
363,0.064370
363,0.065426
363,0.065447
363,0.065704
363,0.069060
363,0.070100
363,0.072871
363,0.073445
363,0.077086
363,0.077657
363,0.077701
363,0.078064
363,0.079912
363,0.079939
363,0.080288
363,0.081048
363,0.081369
363,0.084450
363,0.084898
363,0.086096
363,0.087288
363,0.088024
363,0.088878
363,0.089046
363,0.089441
363,0.089526
363,0.091204
363,0.092223
363,0.093240
363,0.093711
363,0.097891
363,0.098176
363,0.099810
363,0.101123
363,0.101863
363,0.107999
363,0.108091
363,0.108357
363,0.109422
363,0.109787
363,0.109870
363,0.110341
363,0.110692
363,0.110873
363,0.111716
363,0.112574
363,0.113949
363,0.114321
363,0.115129
363,0.115722
363,0.115797
363,0.118084
363,0.118401
363,0.120912
363,0.121415
363,0.121989
363,0.122067
363,0.123669
363,0.124071
363,0.124923
363,0.127962
363,0.128035
363,0.128240
363,0.128635
363,0.130260
363,0.130313
363,0.130916
363,0.131467
363,0.134585
363,0.138212
363,0.138731
363,0.140967
363,0.141855
363,0.142289
363,0.144622
363,0.146316
363,0.146332
363,0.146876
363,0.146938
363,0.148242
363,0.151022
363,0.151178
363,0.151527
363,0.153506
363,0.153749
363,0.153841
363,0.154266
363,0.154298
363,0.155085
363,0.155491
363,0.157232
363,0.158182
363,0.158676
363,0.159406
363,0.159787
363,0.160071
363,0.162601
363,0.163937
363,0.165335
363,0.165411
363,0.166676
363,0.167599
363,0.169995
363,0.170340
363,0.171077
363,0.172707
363,0.172826
363,0.175392
363,0.181800
363,0.183785
363,0.184160
363,0.185268
363,0.186033
363,0.186744
363,0.186836
363,0.187516
363,0.189474
363,0.190117
363,0.190973
363,0.191127
363,0.195851
363,0.196708
363,0.197422
363,0.197759
363,0.199667
363,0.201448
363,0.201499
363,0.203574
363,0.206443
363,0.206469
363,0.208987
363,0.211037
363,0.212095
363,0.212155
363,0.212185
363,0.212405
363,0.212474
363,0.212575
363,0.212651
363,0.214177
363,0.221776
363,0.224375
363,0.225477
363,0.225546
363,0.226445
363,0.228172
363,0.229990
363,0.232697
363,0.233385
363,0.234682
363,0.236018
363,0.236298
363,0.236698
363,0.236833
363,0.238142
363,0.238381
363,0.238817
363,0.239409
363,0.239783
363,0.245869
363,0.250049
363,0.250327
363,0.251493
364,0.252882
364,0.253298
364,0.253548
364,0.253709
364,0.255488
364,0.256365
364,0.256636
364,0.256734
364,0.256801
364,0.257421
364,0.257871
364,0.258008
364,0.260602
364,0.261564
364,0.262271
364,0.263116
364,0.263488
364,0.263975
364,0.264606
364,0.264886
364,0.265017
364,0.265290
364,0.265825
364,0.268915
364,0.269406
364,0.270804
364,0.272944
364,0.273061
364,0.274078
364,0.274105
364,0.274941
364,0.276812
364,0.277742
364,0.279360
364,0.280086
364,0.280166
364,0.280901
364,0.281796
364,0.281883
364,0.282260
364,0.283036
364,0.283750
364,0.284590
364,0.290191
364,0.291408
364,0.292308
364,0.292351
364,0.292792
364,0.293033
364,0.293444
364,0.293492
364,0.293563
364,0.294479
364,0.294865
364,0.297303
364,0.297650
364,0.297957
364,0.298646
364,0.298756
364,0.298938
364,0.299980
364,0.300326
364,0.300427
364,0.300671
364,0.300896
364,0.301226
364,0.302707
364,0.303699
364,0.304103
364,0.304364
364,0.305868
364,0.306906
364,0.308205
364,0.308545
364,0.309068
364,0.309374
364,0.309803
364,0.310184
364,0.310363
364,0.310627
364,0.312519
364,0.313609
364,0.314098
364,0.315540
364,0.315606
364,0.316460
364,0.316639
364,0.317571
364,0.317688
364,0.318747
364,0.321081
364,0.323439
364,0.325948
364,0.327929
364,0.328053
364,0.328432
364,0.329217
364,0.329550
364,0.330220
364,0.330801
364,0.331547
364,0.332000
364,0.333556
364,0.334628
364,0.335055
364,0.335278
364,0.336001
364,0.336758
364,0.337399
364,0.338641
364,0.342309
364,0.344300
364,0.345094
364,0.346524
364,0.346565
364,0.346630
364,0.346660
364,0.346873
364,0.351570
364,0.351660
364,0.351795
364,0.351963
364,0.353179
364,0.358021
364,0.358921
364,0.360372
364,0.361446
364,0.361473
364,0.362185
364,0.366356
364,0.369269
364,0.370564
364,0.371067
364,0.371721
364,0.373236
364,0.374598
364,0.375156
364,0.378652
364,0.378764
364,0.379800
364,0.380011
364,0.380263
364,0.380286
364,0.382522
364,0.382628
364,0.383009
364,0.383505
364,0.386266
364,0.386974
364,0.387120
364,0.392070
364,0.392180
364,0.392586
364,0.392938
364,0.393399
364,0.393936
364,0.394384
364,0.395621
364,0.395672
364,0.395959
364,0.397201
364,0.398064
364,0.398307
364,0.399730
364,0.400775
364,0.400862
364,0.401331
364,0.402194
365,0.405219
365,0.408270
365,0.408716
365,0.409891
365,0.410171
365,0.410173
365,0.410176
365,0.413626
365,0.414131
365,0.416064
365,0.417354
365,0.418782
365,0.419769
365,0.420910
365,0.423647
365,0.423715
365,0.424028
365,0.424537
365,0.424666
365,0.425547
365,0.425947
365,0.429126
365,0.429282
365,0.431064
365,0.431523
365,0.434227
365,0.434569
365,0.435035
365,0.435269
365,0.435419
365,0.436555
365,0.437163
365,0.437494
365,0.437730
365,0.438887
365,0.439312
365,0.440641
365,0.440648
365,0.443171
365,0.444236
365,0.445070
365,0.445221
365,0.445347
365,0.445618
365,0.446181
365,0.447081
365,0.448561
365,0.448639
365,0.449948
365,0.450042
365,0.450669
365,0.450864
365,0.451178
365,0.453015
365,0.454408
365,0.455012
365,0.455542
365,0.455591
365,0.458511
365,0.459654
365,0.461013
365,0.461807
365,0.463582
365,0.464163
365,0.464557
366,0.465903
366,0.465972
366,0.466056
366,0.466421
366,0.466823
366,0.467220
366,0.468125
366,0.468430
366,0.469084
366,0.470138
366,0.472450
366,0.472898
366,0.473203
366,0.473315
366,0.473508
366,0.473680
367,0.476169
367,0.476704
367,0.477824
367,0.477973
367,0.478120
367,0.478685
367,0.480069
367,0.480143
367,0.480147
367,0.480836
367,0.481906
367,0.482369
367,0.482640
367,0.482709
367,0.483079
367,0.484690
367,0.484892
368,0.484996
368,0.485441
368,0.486674
368,0.487613
368,0.488832
368,0.489284
368,0.491033
368,0.492291
368,0.493074
368,0.493692
368,0.493816
368,0.494024
368,0.494653
368,0.497282
368,0.498499
368,0.499339
368,0.500983
368,0.502691
368,0.503606
368,0.503916
368,0.504095
368,0.504490
368,0.505907
368,0.507612
368,0.508186
368,0.508691
368,0.509295
368,0.509545
368,0.510252
368,0.513299
368,0.513411
368,0.515516
368,0.515686
368,0.516556
368,0.517989
368,0.518345
369,0.519667
369,0.519887
369,0.520110
369,0.520688
369,0.523069
369,0.523625
369,0.525119
369,0.528232
369,0.529338
369,0.531483
369,0.532410
369,0.532773
369,0.533482
369,0.533670
369,0.534630
369,0.535351
369,0.536074
369,0.537580
369,0.537945
369,0.538482
369,0.539589
369,0.541563
369,0.542194
369,0.544368
369,0.545566
369,0.545578
369,0.547690
369,0.547892
369,0.549949
369,0.550307
369,0.550963
369,0.551340
369,0.553684
369,0.554659
369,0.555187
369,0.556078
369,0.556473
369,0.557100
369,0.557522
369,0.558333
369,0.559150
369,0.559568
369,0.559891
369,0.561914
369,0.562178
369,0.562901
369,0.563562
369,0.564147
369,0.564189
369,0.564506
369,0.565509
369,0.567483
369,0.569841
369,0.569955
369,0.570711
369,0.571718
369,0.572047
369,0.572345
369,0.576167
369,0.576992
369,0.576996
369,0.578029
370,0.579475
370,0.579632
370,0.580150
370,0.580848
370,0.581131
370,0.581512
370,0.584739
370,0.585398
370,0.586087
370,0.587572
370,0.587657
370,0.587976
370,0.588633
370,0.589133
370,0.590958
370,0.591642
370,0.593709
370,0.595681
370,0.597265
370,0.598045
370,0.599275
370,0.600403
370,0.601225
370,0.602072
370,0.604037
370,0.606135
370,0.607111
370,0.609852
370,0.613157
370,0.613522
370,0.614562
370,0.615338
370,0.618403
370,0.620871
370,0.621266
370,0.621842
370,0.623063
370,0.624023
370,0.625650
370,0.625820
370,0.625878
370,0.626463
370,0.627342
370,0.627866
370,0.628485
370,0.629757
370,0.630884
370,0.630894
370,0.631876
370,0.632266
370,0.632363
370,0.634169
370,0.634780
370,0.635802
370,0.635831
370,0.635834
370,0.635974
370,0.637023
370,0.637060
370,0.638857
370,0.639169
370,0.639174
370,0.641738
370,0.641993
370,0.642468
370,0.643182
370,0.643485
370,0.643809
370,0.643949
370,0.645131
370,0.645808
370,0.646144
370,0.648001
370,0.648288
370,0.649757
370,0.652358
371,0.653168
371,0.653384
371,0.654339
371,0.654911
371,0.656646
371,0.658692
371,0.659142
371,0.659415
371,0.661481
371,0.665556
371,0.665808
371,0.666635
371,0.666915
371,0.668285
371,0.671028
371,0.672371
371,0.672516
371,0.673340
371,0.673391
371,0.674715
371,0.675445
371,0.676352
371,0.677433
371,0.678225
371,0.679646
371,0.680388
371,0.680436
371,0.682128
371,0.682559
371,0.683390
371,0.684424
371,0.684465
371,0.684871
371,0.684968
371,0.685789
371,0.685835
371,0.686320
371,0.688510
371,0.693023
371,0.694375
371,0.696776
371,0.697826
371,0.698849
372,0.700420
372,0.700837
372,0.701306
372,0.701471
372,0.704616
372,0.705100
372,0.705459
372,0.705674
372,0.706684
372,0.707541
372,0.708046
372,0.709155
372,0.709292
372,0.710227
372,0.711891
373,0.713060
374,0.713466
374,0.714430
374,0.715743
374,0.716237
374,0.719276
375,0.721025
375,0.721558
375,0.722042
375,0.722869
375,0.724772
375,0.724829
375,0.724965
375,0.725897
375,0.727724
375,0.728153
375,0.728447
375,0.730451
375,0.731657
376,0.733275
376,0.733491
376,0.733679
376,0.735438
376,0.735764
376,0.735899
376,0.735913
376,0.735984
376,0.736248
376,0.737965
376,0.738704
376,0.741512
376,0.746330
376,0.747194
376,0.748220
376,0.748578
376,0.748989
377,0.751420
377,0.752168
377,0.755704
377,0.759537
377,0.759657
377,0.760332
377,0.762372
377,0.762903
377,0.762983
377,0.767462
378,0.771339
378,0.771925
378,0.772457
378,0.774321
378,0.776364
378,0.776718
378,0.778224
378,0.779769
378,0.780017
378,0.780458
379,0.781222
380,0.781700
381,0.781780
388,0.783295
391,0.783841
392,0.784443
410,0.787223
413,0.787693
413,0.787719
414,0.787861
415,0.788169
417,0.788644
420,0.789479
425,0.791119
427,0.791940
430,0.792877
431,0.793072
431,0.793180
434,0.793938
436,0.794452
440,0.795797
440,0.795804
445,0.797976
453,0.802512
454,0.802739
454,0.803185
457,0.805588
458,0.805981
459,0.807161
459,0.807546
460,0.807737
460,0.808001
462,0.811130
463,0.811605
463,0.811651
464,0.813811
464,0.813912
465,0.815684
466,0.815742
466,0.816561
467,0.817532
467,0.817698
467,0.818235
468,0.819151
468,0.820758
468,0.820788
468,0.820831
469,0.821506
469,0.822264
470,0.823051
470,0.823136
471,0.825967
473,0.828916
474,0.832151
475,0.832635
476,0.834543
477,0.836745
480,0.840562
480,0.840670
481,0.842403
481,0.842807
481,0.843641
482,0.844109
482,0.844456
483,0.846024
483,0.846556
483,0.846908
484,0.847162
485,0.849587
487,0.851717
487,0.851747
487,0.852316
488,0.853581
490,0.856113
490,0.856614
491,0.857860
491,0.858035
491,0.858071
492,0.859426
492,0.859490
492,0.859795
492,0.859896
493,0.861115
493,0.861299
494,0.862057
494,0.862086
494,0.862440
495,0.863957
496,0.864506
496,0.864522
496,0.864715
496,0.865231
498,0.868484
499,0.869067
499,0.869203
499,0.869471
499,0.869655
500,0.870856
501,0.871887
501,0.872068
501,0.872098
503,0.874552
504,0.875415
504,0.875507
505,0.877626
506,0.878390
508,0.880190
508,0.880268
511,0.883955
511,0.884095
511,0.884926
512,0.886145
513,0.887283
514,0.887394
514,0.888112
517,0.891806
517,0.891918
519,0.893693
520,0.895748
522,0.897630
522,0.898135
522,0.898165
528,0.904154
529,0.904517
531,0.906512
532,0.907297
533,0.908240
534,0.908447
534,0.908853
537,0.910986
539,0.912664
542,0.914535
543,0.915072
543,0.915334
544,0.915828
545,0.916383
551,0.920283
551,0.920752
552,0.921323
552,0.921434
552,0.921560
553,0.921840
553,0.922024
555,0.923380
556,0.923490
556,0.924041
558,0.925040
561,0.927434
563,0.929131
563,0.929168
564,0.929604
564,0.929675
564,0.930118
566,0.931594
572,0.935504
572,0.935639
573,0.936142
573,0.936525
574,0.937136
575,0.937384
575,0.937480
576,0.938477
577,0.938926
577,0.939050
579,0.940458
580,0.940896
581,0.941654
583,0.942939
587,0.945765
588,0.945852
588,0.946130
591,0.947893
592,0.948419
594,0.948963
598,0.950786
603,0.953010
603,0.953026
603,0.953075
604,0.953469
605,0.953855
606,0.954227
611,0.956096
612,0.956454
613,0.956647
613,0.956690
616,0.957565
616,0.957735
619,0.958733
633,0.962422
635,0.962955
636,0.963125
642,0.964470
643,0.964700
652,0.966320
680,0.969702
690,0.970930
694,0.971300
694,0.971302
695,0.971330
697,0.971529
708,0.972395
722,0.973458
755,0.975218
771,0.975799
775,0.975914
902,0.979789
939,0.980391
985,0.981104
1126,0.983003
1187,0.983639
1334,0.984970
2220,0.988297
3915,0.990980
4398,0.991472
4553,0.991692
4591,0.991743
5796,0.993467
6011,0.993763
6142,0.993988
6304,0.994265
8209,0.996130
9950,0.996970
28236388,0.997980
28639177,0.998205
29242914,0.998811
29893192,0.999628
139069333,0.999998
