4800.507254
209115.584093
350,0.000000
361,0.000377
362,0.000838
362,0.001836
362,0.002507
362,0.003987
362,0.004057
362,0.005132
363,0.006410
363,0.008009
363,0.008777
363,0.010299
363,0.010837
363,0.011249
363,0.011885
363,0.012052
363,0.012352
363,0.013344
363,0.015166
363,0.016116
363,0.016486
363,0.016731
363,0.016898
363,0.019412
363,0.019789
363,0.020501
363,0.021318
363,0.021486
363,0.022687
363,0.023706
363,0.023727
363,0.025941
363,0.026353
363,0.026604
363,0.026883
363,0.027205
363,0.027700
363,0.029586
363,0.030514
363,0.032058
363,0.032365
363,0.033384
363,0.034886
363,0.036352
363,0.037965
363,0.039676
363,0.039927
363,0.040095
363,0.041833
363,0.043879
363,0.044473
363,0.045443
363,0.047385
363,0.047615
363,0.047818
363,0.049626
363,0.050757
363,0.051134
363,0.051749
363,0.052831
363,0.053774
363,0.054633
363,0.056092
363,0.057209
363,0.057524
363,0.057775
363,0.058236
363,0.058620
363,0.058766
363,0.058920
363,0.059206
363,0.062069
363,0.062146
363,0.062921
363,0.065114
363,0.065344
363,0.065700
363,0.068424
363,0.070030
363,0.071510
363,0.072285
363,0.074645
363,0.075525
363,0.076139
363,0.078109
363,0.078164
363,0.078479
363,0.081418
363,0.083485
363,0.085447
363,0.087430
363,0.087947
363,0.088701
363,0.089902
363,0.091110
363,0.092151
363,0.093366
363,0.093568
363,0.093806
363,0.094588
363,0.094832
363,0.095000
363,0.096089
363,0.097821
363,0.098372
363,0.099867
363,0.102359
363,0.104077
363,0.105544
363,0.107164
363,0.108288
363,0.110411
363,0.110550
363,0.111709
363,0.111730
363,0.111898
363,0.112003
363,0.113232
363,0.113434
363,0.113490
363,0.115634
363,0.116046
363,0.116053
363,0.118168
363,0.118364
363,0.118399
363,0.118420
363,0.119125
363,0.119963
363,0.121492
363,0.121555
363,0.125214
363,0.126911
363,0.127406
363,0.129061
363,0.129396
363,0.129794
363,0.131505
363,0.132078
363,0.132783
363,0.134215
363,0.134794
363,0.135073
363,0.136142
363,0.136826
363,0.137266
363,0.141372
363,0.142615
363,0.143264
363,0.143278
363,0.143334
363,0.144256
363,0.144326
363,0.144591
363,0.145366
363,0.148885
363,0.150149
363,0.150896
363,0.156978
363,0.157879
363,0.158591
364,0.160267
364,0.160518
364,0.162718
364,0.164310
364,0.164729
364,0.166084
364,0.166202
364,0.166272
364,0.167780
364,0.169184
364,0.169219
364,0.170092
364,0.170888
364,0.171670
364,0.173178
364,0.173220
364,0.173793
364,0.176432
364,0.178150
364,0.179344
364,0.181369
364,0.182605
364,0.184811
364,0.186375
364,0.187465
364,0.187737
364,0.188777
364,0.188973
364,0.189832
364,0.189985
364,0.190418
364,0.192017
364,0.192339
364,0.192772
364,0.194901
364,0.195097
364,0.196738
364,0.197981
364,0.199035
364,0.199705
364,0.200501
364,0.200864
364,0.201598
364,0.202408
364,0.202533
364,0.206388
364,0.208029
364,0.208203
364,0.208469
364,0.209027
364,0.209341
364,0.209760
364,0.211723
364,0.213894
364,0.216191
364,0.216254
364,0.216471
364,0.219753
364,0.223328
364,0.226379
364,0.226505
364,0.229878
364,0.230716
364,0.235254
364,0.235373
364,0.235869
364,0.236141
364,0.236630
364,0.238103
364,0.238592
364,0.239535
364,0.240743
364,0.241266
364,0.242551
364,0.243005
364,0.243019
364,0.243815
364,0.244423
364,0.245358
364,0.246475
364,0.246748
364,0.247697
364,0.247732
364,0.249185
364,0.249394
364,0.250155
364,0.250274
364,0.250511
364,0.250546
364,0.250679
364,0.251922
364,0.252844
364,0.254939
364,0.257292
364,0.257773
364,0.257857
364,0.258206
364,0.258695
364,0.258961
364,0.261384
364,0.265008
364,0.265741
364,0.266690
364,0.266914
364,0.267682
364,0.267808
364,0.268834
364,0.268890
364,0.269253
364,0.272395
364,0.274546
364,0.275908
364,0.276375
364,0.276655
364,0.277960
364,0.278945
364,0.279629
364,0.279923
364,0.280223
364,0.280432
364,0.282269
364,0.282779
364,0.283526
364,0.283603
364,0.284385
364,0.286877
364,0.290362
364,0.291151
364,0.291339
364,0.294509
364,0.294768
364,0.296046
364,0.296116
364,0.296828
364,0.296974
364,0.297456
364,0.297603
364,0.298008
364,0.298804
364,0.299649
364,0.300389
364,0.301066
364,0.301394
364,0.302121
364,0.302190
364,0.303070
364,0.303489
364,0.304921
364,0.305326
364,0.306981
364,0.307777
364,0.308677
364,0.308705
364,0.310849
364,0.311317
364,0.311931
364,0.313007
364,0.313056
364,0.314780
364,0.315360
364,0.315646
364,0.315911
364,0.316812
364,0.317273
364,0.318314
364,0.318509
364,0.321072
364,0.321938
364,0.322168
364,0.322559
364,0.323753
364,0.324144
364,0.324528
364,0.324863
364,0.325275
364,0.325715
364,0.326476
364,0.327733
364,0.328431
364,0.329667
364,0.330470
364,0.330931
364,0.331546
364,0.331762
365,0.332817
365,0.333319
365,0.334060
365,0.334695
365,0.334765
365,0.335037
365,0.336175
365,0.336573
365,0.339925
365,0.340030
365,0.341196
365,0.343340
365,0.343724
365,0.343891
365,0.343989
365,0.345064
365,0.345155
365,0.346070
365,0.346272
365,0.346398
365,0.348667
365,0.348772
365,0.350141
365,0.350287
365,0.350602
365,0.350623
365,0.351412
365,0.352613
365,0.353032
365,0.353562
365,0.353674
365,0.354519
365,0.355280
365,0.355741
365,0.356516
365,0.357535
365,0.357968
365,0.358038
365,0.359449
365,0.360273
365,0.360335
365,0.360615
365,0.363841
365,0.364099
365,0.365642
365,0.365747
365,0.369350
365,0.370286
365,0.373386
365,0.373952
365,0.374070
365,0.375209
365,0.376542
365,0.376710
365,0.377171
365,0.377485
365,0.379489
365,0.379566
365,0.379880
365,0.380257
365,0.382226
365,0.383972
365,0.387317
365,0.387575
365,0.388308
365,0.392295
365,0.392882
365,0.393196
365,0.393301
365,0.393999
365,0.395444
365,0.395780
365,0.396673
365,0.397721
365,0.397756
365,0.398908
365,0.399432
365,0.403279
365,0.403614
365,0.405234
365,0.406512
365,0.407294
365,0.407615
365,0.408795
365,0.408928
365,0.409480
365,0.410527
365,0.411400
365,0.412475
365,0.413467
365,0.414067
365,0.415436
365,0.416658
366,0.418585
366,0.419730
366,0.419898
366,0.421532
366,0.423061
366,0.424108
366,0.425337
366,0.431035
366,0.431426
366,0.431545
366,0.434659
367,0.436447
367,0.441139
367,0.441914
367,0.442564
367,0.442934
367,0.443485
367,0.444463
367,0.444917
368,0.446565
368,0.446865
368,0.447158
368,0.449316
368,0.450063
368,0.450950
368,0.451879
368,0.455188
368,0.458072
368,0.458408
368,0.461438
368,0.461934
368,0.464573
368,0.464678
368,0.465069
368,0.465886
368,0.466019
368,0.466214
368,0.466703
369,0.470320
369,0.475033
369,0.475445
369,0.475473
369,0.477114
369,0.478469
369,0.480557
369,0.481436
369,0.481828
369,0.485570
369,0.485919
369,0.486876
369,0.488014
369,0.491366
369,0.491694
369,0.492378
369,0.492581
369,0.493098
369,0.493447
369,0.493698
369,0.494313
369,0.495465
369,0.497092
369,0.497148
369,0.497259
369,0.497622
369,0.498691
369,0.499089
369,0.500178
369,0.500548
369,0.500841
369,0.502329
369,0.503725
369,0.505185
369,0.505499
369,0.507768
369,0.508774
369,0.508851
369,0.509933
369,0.511057
369,0.512391
369,0.512426
369,0.512503
369,0.513033
369,0.513571
369,0.515645
369,0.518543
369,0.518906
369,0.521119
369,0.521433
369,0.521985
369,0.525148
369,0.527215
369,0.527906
369,0.529910
369,0.530462
369,0.530860
369,0.534435
369,0.535092
369,0.535126
370,0.536551
370,0.536802
370,0.537438
370,0.538325
370,0.544644
370,0.545091
370,0.545286
370,0.545587
370,0.546990
370,0.548484
370,0.548624
370,0.549008
370,0.550405
370,0.551326
370,0.551620
370,0.551892
370,0.552646
370,0.552828
370,0.552981
370,0.553282
370,0.553917
370,0.554105
370,0.554364
370,0.555083
370,0.555942
370,0.555949
370,0.556885
370,0.557667
370,0.560104
370,0.561067
370,0.562268
370,0.563853
370,0.564566
370,0.565390
370,0.565739
370,0.570410
370,0.570543
370,0.572638
370,0.573399
370,0.573943
370,0.575647
370,0.576317
370,0.577023
370,0.577574
370,0.577819
370,0.581149
370,0.581394
370,0.581673
370,0.582141
370,0.583677
370,0.585688
370,0.587134
370,0.587811
370,0.588488
370,0.588928
370,0.589215
370,0.590583
370,0.592043
370,0.593118
370,0.593146
370,0.594521
370,0.596875
370,0.596889
370,0.597964
370,0.598795
370,0.599151
371,0.601197
371,0.601246
371,0.601846
371,0.603047
371,0.604241
371,0.604919
371,0.605449
371,0.606650
371,0.609667
371,0.609674
371,0.610582
371,0.610798
371,0.611196
371,0.611678
371,0.613221
371,0.613333
371,0.615092
371,0.616377
371,0.616510
371,0.617522
371,0.619408
371,0.621761
371,0.622340
371,0.623430
371,0.624065
371,0.624442
371,0.628101
371,0.629274
371,0.629616
371,0.630657
371,0.632773
371,0.633052
371,0.633631
371,0.634113
371,0.634267
371,0.634316
371,0.635992
371,0.636285
371,0.636669
371,0.642213
371,0.643128
371,0.644860
371,0.644950
371,0.645286
371,0.645642
371,0.646179
372,0.647904
372,0.649433
372,0.649454
372,0.650062
372,0.651144
372,0.651731
372,0.651794
372,0.654230
372,0.655013
372,0.655075
372,0.655124
372,0.655418
372,0.655494
372,0.655648
372,0.656605
372,0.657156
372,0.657694
372,0.658036
373,0.659216
373,0.661025
374,0.661988
374,0.662330
374,0.663538
374,0.664404
374,0.664418
374,0.666038
374,0.666178
375,0.666813
375,0.668999
375,0.669788
375,0.670340
375,0.670884
375,0.671862
375,0.672176
375,0.675989
375,0.676191
375,0.677441
375,0.677755
375,0.677944
375,0.679459
376,0.680087
376,0.680402
376,0.680423
376,0.682385
376,0.683174
376,0.683523
376,0.684109
376,0.685932
376,0.687328
376,0.687398
376,0.687454
376,0.687608
376,0.688662
376,0.689298
376,0.689360
376,0.689542
376,0.691888
376,0.693634
376,0.693801
376,0.693857
376,0.693997
376,0.694912
376,0.698326
377,0.698536
377,0.704038
377,0.704115
377,0.705113
377,0.706363
377,0.712145
377,0.712606
377,0.712969
377,0.713479
377,0.715413
378,0.716418
378,0.717173
378,0.719533
378,0.721348
378,0.723862
378,0.724288
379,0.725398
380,0.726683
382,0.728003
384,0.729036
385,0.730112
387,0.731480
389,0.731934
390,0.732667
392,0.734071
392,0.734287
393,0.735446
395,0.736242
400,0.738456
401,0.739112
408,0.742080
416,0.746018
417,0.746947
418,0.748148
419,0.749712
420,0.751437
421,0.752128
421,0.752163
422,0.753099
422,0.753406
422,0.753657
423,0.754369
423,0.754467
425,0.756653
425,0.756918
426,0.757945
428,0.759544
428,0.760256
430,0.761171
431,0.761827
434,0.763258
435,0.763852
438,0.765172
441,0.766422
445,0.768188
448,0.769857
450,0.770674
452,0.771659
456,0.773705
458,0.775562
461,0.777775
461,0.778795
462,0.779793
463,0.781155
465,0.783522
467,0.786043
468,0.787586
468,0.788005
468,0.788913
469,0.790051
469,0.791168
470,0.793012
471,0.794925
471,0.795197
472,0.797411
472,0.797481
472,0.797543
473,0.797795
473,0.798584
473,0.798814
473,0.799038
473,0.799492
474,0.800302
474,0.800483
475,0.801475
476,0.803199
478,0.805741
479,0.806872
479,0.807661
480,0.808723
481,0.810238
481,0.810357
482,0.811292
482,0.812074
483,0.812982
485,0.815566
486,0.816858
490,0.820635
494,0.824790
495,0.825670
495,0.826403
495,0.826410
495,0.826417
501,0.832150
503,0.834014
504,0.835571
504,0.835892
505,0.836067
506,0.837687
508,0.840236
509,0.840557
510,0.842030
510,0.842058
510,0.842428
511,0.842736
511,0.843301
512,0.843867
514,0.846038
515,0.847637
519,0.851345
519,0.851995
520,0.852574
520,0.852581
523,0.855975
523,0.856079
523,0.856331
524,0.856387
524,0.856561
525,0.857511
526,0.858125
526,0.858600
526,0.858740
528,0.860353
529,0.860835
529,0.861198
532,0.863132
534,0.864263
537,0.866274
537,0.866470
537,0.866784
540,0.868313
541,0.869032
545,0.871358
547,0.872559
551,0.874996
552,0.875875
553,0.876183
557,0.878655
557,0.878815
559,0.880414
559,0.880714
559,0.880994
561,0.881922
563,0.883494
565,0.884799
566,0.885924
566,0.885958
569,0.887320
570,0.888263
575,0.891482
577,0.892362
578,0.892927
578,0.892983
579,0.893681
580,0.893975
580,0.894184
582,0.895245
582,0.895273
583,0.896111
586,0.898087
592,0.901460
596,0.903066
598,0.904505
599,0.904798
600,0.905147
600,0.905531
601,0.905852
607,0.908708
610,0.909895
611,0.910098
611,0.910161
620,0.913114
620,0.913310
621,0.913694
622,0.913966
627,0.915405
630,0.916291
636,0.918163
640,0.919231
642,0.919706
643,0.920125
650,0.921626
658,0.923127
667,0.924615
669,0.924957
670,0.925006
674,0.925613
676,0.925927
680,0.926689
683,0.927101
700,0.929461
703,0.929922
717,0.931451
721,0.931968
725,0.932303
726,0.932456
747,0.934251
755,0.934872
762,0.935361
763,0.935438
767,0.935773
824,0.940040
840,0.941094
846,0.941457
846,0.941471
855,0.941974
862,0.942463
865,0.942567
881,0.943664
918,0.945765
918,0.945800
920,0.945856
938,0.946666
991,0.948614
1089,0.951624
1114,0.952203
1116,0.952266
1121,0.952378
1182,0.953886
1186,0.953984
1233,0.954976
1253,0.955450
1277,0.955876
1324,0.956882
1352,0.957440
1356,0.957517
1374,0.957936
1428,0.958767
1449,0.959095
1475,0.959542
1519,0.960178
1532,0.960485
1594,0.961337
1716,0.962733
1852,0.964032
1861,0.964123
1871,0.964207
2048,0.965631
2387,0.967614
2772,0.970303
2851,0.970798
2956,0.971385
3112,0.972174
3455,0.973619
3593,0.974429
3636,0.974625
3755,0.975330
3894,0.976042
4043,0.976789
4128,0.977167
4632,0.978933
4649,0.978989
5141,0.980665
5374,0.981482
5428,0.981608
6043,0.983535
6066,0.983647
6070,0.983667
6144,0.984052
6555,0.985651
6897,0.986998
7422,0.988122
7518,0.988255
9043,0.989875
9266,0.990119
9609,0.990629
10338,0.991586
10383,0.991628
28053533,0.993499
28508990,0.994100
28544459,0.994176
29183472,0.995629
29246999,0.995866
29522298,0.997039
29560578,0.997165
29631026,0.997479
30257078,0.999365
138909315,0.999993
