84483.299227
11853.766987
338,0.000000
362,0.000884
362,0.000989
362,0.001120
362,0.001238
362,0.002466
363,0.002831
363,0.005358
363,0.006820
363,0.007221
363,0.008947
363,0.009083
363,0.010346
363,0.010465
363,0.014174
363,0.015102
363,0.015370
363,0.016100
363,0.016595
363,0.017153
363,0.017717
363,0.018430
363,0.019337
363,0.019470
363,0.020590
363,0.021205
363,0.023985
363,0.024133
363,0.024161
363,0.024739
363,0.025279
363,0.025845
363,0.025859
363,0.026130
363,0.026652
363,0.028158
363,0.028755
363,0.029626
363,0.033216
363,0.034510
363,0.034735
363,0.036881
363,0.037792
363,0.038484
363,0.038817
363,0.039523
363,0.041664
363,0.043385
363,0.044684
363,0.048811
363,0.048842
363,0.049049
363,0.050343
363,0.053392
363,0.053615
363,0.054478
363,0.054991
363,0.055903
363,0.056914
363,0.057411
363,0.057802
363,0.057842
363,0.058130
363,0.058482
363,0.059008
363,0.060824
363,0.061113
363,0.061311
363,0.061630
363,0.061642
363,0.063093
363,0.065091
363,0.065280
363,0.065410
363,0.067148
363,0.067190
363,0.070379
364,0.070675
364,0.077626
364,0.078059
364,0.079797
364,0.079969
364,0.081118
364,0.082127
364,0.084217
364,0.084584
364,0.086302
364,0.086887
364,0.089104
364,0.090059
364,0.093106
364,0.094327
364,0.095060
364,0.098221
364,0.099109
364,0.099147
364,0.100204
364,0.100295
364,0.100420
364,0.102361
364,0.102847
364,0.102942
364,0.106009
364,0.108613
364,0.108900
364,0.110476
364,0.110707
364,0.110760
364,0.114554
364,0.114757
364,0.115036
364,0.115819
364,0.116443
364,0.116461
364,0.116519
364,0.116717
364,0.117749
364,0.119144
364,0.122178
364,0.123075
364,0.125804
364,0.127673
364,0.128896
364,0.129369
364,0.129594
364,0.129902
364,0.130639
364,0.132075
364,0.132138
364,0.133283
364,0.136501
364,0.136839
364,0.137241
364,0.137758
364,0.140175
364,0.142276
364,0.142702
364,0.143495
364,0.144777
364,0.146167
364,0.147207
364,0.148051
364,0.148767
364,0.148889
364,0.150414
364,0.152321
364,0.152935
364,0.156747
364,0.156909
364,0.156948
364,0.162034
364,0.162760
364,0.163365
364,0.163560
364,0.163872
364,0.164281
364,0.164483
364,0.166477
364,0.166803
364,0.169547
364,0.170546
364,0.170979
364,0.171187
364,0.171530
364,0.171816
364,0.173739
364,0.176409
364,0.177223
364,0.178022
364,0.179094
364,0.179188
364,0.179307
364,0.179768
364,0.179869
364,0.180227
364,0.183574
364,0.184052
364,0.186567
364,0.187077
364,0.190715
364,0.193152
364,0.194757
364,0.195440
364,0.197438
364,0.197818
364,0.200261
364,0.202635
364,0.203716
364,0.203825
364,0.204977
364,0.205752
364,0.206121
364,0.208288
364,0.209250
364,0.209709
364,0.209774
364,0.214029
364,0.214413
364,0.214563
364,0.215611
364,0.215806
364,0.216580
364,0.216694
364,0.216956
364,0.220216
364,0.220294
364,0.221319
365,0.224138
365,0.224355
365,0.224929
365,0.226327
365,0.226695
365,0.227849
365,0.229911
365,0.230176
365,0.230891
365,0.232302
365,0.233732
365,0.236503
365,0.237453
365,0.238744
365,0.238861
365,0.240262
365,0.242644
365,0.243617
365,0.243709
365,0.247045
365,0.247711
365,0.248881
365,0.250976
365,0.252026
365,0.252127
365,0.253711
365,0.254051
365,0.255121
365,0.256840
365,0.258239
365,0.258442
365,0.261409
365,0.262021
365,0.262138
365,0.262708
365,0.266737
365,0.269466
365,0.269604
365,0.269898
365,0.271279
365,0.272105
365,0.272478
365,0.272731
365,0.272776
365,0.273617
365,0.273626
365,0.275882
365,0.277014
365,0.277567
365,0.278080
365,0.282089
365,0.282296
365,0.283974
365,0.284135
365,0.285326
365,0.286209
365,0.286356
365,0.286765
365,0.287935
365,0.288826
365,0.288833
365,0.289927
365,0.291172
365,0.291876
365,0.293688
365,0.294193
365,0.295083
365,0.295400
365,0.296863
365,0.299633
365,0.300056
365,0.300303
365,0.301467
365,0.301748
365,0.301815
365,0.302299
365,0.303094
365,0.305431
365,0.307127
365,0.307141
365,0.310118
365,0.310543
365,0.310859
365,0.311863
365,0.312106
365,0.313505
365,0.313561
365,0.314326
365,0.317237
365,0.317280
365,0.317464
365,0.318106
365,0.320286
365,0.320882
365,0.321046
365,0.321058
365,0.321434
365,0.322940
365,0.323379
365,0.324163
365,0.327110
365,0.327854
365,0.328222
365,0.329556
365,0.330222
365,0.332434
365,0.332568
365,0.334828
366,0.335676
366,0.335985
366,0.336774
366,0.338221
366,0.338992
366,0.339779
366,0.339998
366,0.343202
366,0.343773
366,0.345067
366,0.345124
366,0.346906
366,0.346923
366,0.349898
366,0.350185
366,0.350513
366,0.350696
366,0.350809
366,0.351114
366,0.351276
366,0.352717
366,0.352951
366,0.355497
366,0.355735
366,0.356903
366,0.359959
366,0.360761
366,0.361816
366,0.362391
366,0.363099
366,0.363556
366,0.364678
366,0.366446
366,0.366601
366,0.368272
366,0.368439
366,0.369440
366,0.371187
366,0.371423
366,0.371486
366,0.373741
366,0.374083
366,0.374586
366,0.374986
366,0.381515
366,0.381569
366,0.382520
366,0.384700
366,0.387855
366,0.389230
366,0.389998
366,0.391548
366,0.391854
366,0.391921
366,0.392109
366,0.392342
366,0.393492
366,0.393991
366,0.394339
367,0.397482
367,0.397983
367,0.399649
367,0.400448
367,0.400551
367,0.401647
367,0.402656
367,0.403115
367,0.403467
367,0.403726
367,0.405751
367,0.406819
367,0.408042
367,0.408304
367,0.408774
367,0.409757
367,0.410036
367,0.410595
367,0.411019
367,0.411100
367,0.412341
367,0.413440
367,0.414459
367,0.414985
367,0.418075
367,0.418234
367,0.419231
367,0.419808
367,0.420290
367,0.423031
367,0.424464
367,0.424663
367,0.425499
367,0.425594
367,0.426082
367,0.426213
367,0.426645
367,0.428388
367,0.429007
367,0.431786
367,0.432057
367,0.432175
367,0.433708
367,0.434019
367,0.434564
367,0.434629
367,0.435069
367,0.436418
367,0.437797
367,0.438592
368,0.441184
368,0.441583
368,0.442521
368,0.442794
368,0.443565
368,0.443802
368,0.447472
369,0.447976
369,0.449891
369,0.450762
369,0.450999
369,0.451660
370,0.455019
370,0.455898
370,0.456059
370,0.456456
370,0.456525
370,0.456977
370,0.457191
370,0.457350
370,0.457463
370,0.457671
370,0.457906
370,0.457992
370,0.458322
370,0.458641
370,0.458832
370,0.459641
370,0.459867
370,0.460269
370,0.460686
370,0.460820
370,0.461117
370,0.461186
370,0.461577
370,0.461750
370,0.462220
370,0.463149
370,0.463497
370,0.463635
370,0.464023
370,0.464079
370,0.465036
370,0.466874
370,0.467006
370,0.467095
370,0.467181
370,0.467227
370,0.467599
370,0.468303
370,0.468813
370,0.469706
370,0.470966
370,0.471522
370,0.471853
370,0.473064
370,0.474217
370,0.475347
370,0.478032
370,0.479937
370,0.480542
370,0.481245
370,0.481276
370,0.481537
370,0.482532
370,0.482880
370,0.482961
370,0.483223
370,0.483514
371,0.484209
371,0.486621
371,0.488143
371,0.489650
371,0.490074
371,0.491161
371,0.491184
371,0.492093
371,0.492465
371,0.493625
371,0.495886
371,0.496520
371,0.496611
371,0.497160
371,0.502305
371,0.502769
371,0.504162
371,0.507280
371,0.508617
371,0.509647
371,0.512638
371,0.513519
371,0.513597
371,0.513981
371,0.516044
371,0.517623
371,0.518369
371,0.519125
371,0.520209
371,0.520270
371,0.520947
371,0.522064
371,0.522581
371,0.522604
371,0.522621
371,0.522663
371,0.524487
371,0.524592
371,0.525493
371,0.527095
371,0.527998
371,0.528013
371,0.528338
371,0.530192
371,0.530642
371,0.530706
371,0.532097
371,0.533595
371,0.533629
371,0.536792
371,0.537176
371,0.538194
371,0.538446
371,0.538715
371,0.539923
371,0.542417
371,0.542795
371,0.542835
371,0.543525
371,0.544853
371,0.545309
371,0.546887
371,0.546934
371,0.547657
371,0.547919
371,0.548027
371,0.548726
371,0.550639
371,0.550873
371,0.552857
371,0.553003
371,0.553143
371,0.553307
371,0.553324
371,0.553739
371,0.555106
371,0.555339
371,0.556785
371,0.558060
371,0.558201
371,0.562423
371,0.565079
371,0.566344
371,0.566598
371,0.569758
371,0.570182
371,0.570352
371,0.571714
371,0.572180
371,0.572690
371,0.572697
371,0.575315
371,0.577663
372,0.581865
372,0.582453
372,0.583653
372,0.583711
372,0.583755
372,0.585168
372,0.587309
372,0.587313
372,0.587488
372,0.588086
372,0.588875
372,0.592796
372,0.594301
372,0.598227
372,0.598635
372,0.600645
372,0.601448
372,0.601729
372,0.602920
372,0.604339
372,0.608475
372,0.609969
372,0.614100
372,0.614317
372,0.614452
372,0.615271
372,0.617393
372,0.617450
372,0.617934
372,0.618017
372,0.619432
372,0.620273
372,0.620590
372,0.620953
372,0.621090
372,0.621657
372,0.622995
372,0.624239
372,0.624667
372,0.624885
372,0.626848
372,0.627439
372,0.628496
372,0.630081
372,0.630387
372,0.630556
372,0.630938
372,0.631711
372,0.634049
372,0.635323
372,0.640223
373,0.643288
373,0.643453
373,0.643724
373,0.643780
373,0.646188
373,0.646535
373,0.648710
373,0.648957
373,0.649638
373,0.650710
373,0.650858
373,0.652565
373,0.652725
373,0.654849
373,0.655153
373,0.658394
373,0.659159
373,0.659449
373,0.661356
373,0.662436
373,0.663554
373,0.663876
373,0.665017
373,0.665981
373,0.666283
373,0.667037
373,0.667510
373,0.668875
373,0.669183
373,0.669861
373,0.670056
373,0.670261
373,0.672283
374,0.673814
374,0.674088
374,0.675121
374,0.675896
374,0.676243
374,0.677573
374,0.679321
374,0.679690
376,0.684458
376,0.684584
376,0.685461
376,0.685567
376,0.685663
377,0.686658
377,0.689967
377,0.693242
377,0.693459
377,0.693621
377,0.693874
377,0.694870
377,0.694878
377,0.695017
377,0.695197
377,0.696246
377,0.696880
377,0.697310
377,0.697589
377,0.699277
377,0.699845
378,0.700987
378,0.701444
378,0.701495
378,0.701643
378,0.703969
378,0.705548
378,0.706036
378,0.706632
378,0.707503
378,0.708212
378,0.708388
378,0.708573
378,0.709399
378,0.709788
378,0.710027
378,0.710940
378,0.715274
378,0.715853
378,0.716626
378,0.719523
378,0.720618
378,0.722036
378,0.722050
378,0.722211
378,0.722342
378,0.723230
378,0.723757
378,0.724677
378,0.725318
378,0.729610
378,0.730900
378,0.734272
378,0.734598
378,0.734682
378,0.735291
378,0.736065
378,0.736412
378,0.736543
378,0.736801
378,0.737737
379,0.738117
379,0.738363
379,0.739227
379,0.739258
379,0.740205
379,0.741182
379,0.741266
379,0.743452
379,0.744482
379,0.745097
379,0.747362
379,0.747489
379,0.748817
379,0.749458
379,0.750045
379,0.750301
379,0.750388
379,0.750521
379,0.751248
379,0.752157
379,0.752585
379,0.753151
379,0.753284
379,0.753972
379,0.754031
379,0.754597
379,0.755715
379,0.755864
379,0.757019
379,0.757609
379,0.758338
380,0.759392
380,0.761147
380,0.761823
381,0.762565
389,0.763992
401,0.765136
408,0.765832
415,0.767775
420,0.772788
420,0.772897
420,0.772986
421,0.774155
422,0.775188
423,0.775948
423,0.776807
424,0.777260
425,0.778347
426,0.779833
426,0.780206
426,0.781119
428,0.782460
428,0.782494
435,0.787021
436,0.787788
437,0.788379
439,0.789472
440,0.789668
446,0.791661
446,0.791676
447,0.791935
450,0.793045
452,0.793521
458,0.796736
462,0.799777
462,0.800252
463,0.801452
463,0.801471
463,0.802028
464,0.803238
464,0.803375
466,0.806328
467,0.807870
468,0.809304
469,0.810955
469,0.811232
469,0.811444
470,0.811874
470,0.812162
470,0.812597
472,0.815909
472,0.816531
472,0.817040
474,0.820332
474,0.820886
476,0.823831
476,0.823854
477,0.825502
478,0.826283
479,0.827085
479,0.828343
480,0.828388
480,0.828757
480,0.828772
480,0.828941
481,0.830393
482,0.832622
482,0.832794
482,0.832836
483,0.833897
483,0.834552
484,0.834802
484,0.835738
484,0.835851
484,0.835878
485,0.836315
485,0.836526
485,0.836589
485,0.837034
485,0.837426
486,0.837809
486,0.838176
487,0.840110
487,0.840227
488,0.841737
488,0.841957
489,0.842949
489,0.843164
490,0.843611
491,0.844588
491,0.845361
492,0.845951
492,0.845953
492,0.846788
497,0.853491
498,0.854580
499,0.855919
499,0.856051
502,0.859840
502,0.860149
503,0.860731
504,0.861900
505,0.863516
505,0.863665
505,0.863944
506,0.865149
506,0.865718
508,0.867427
509,0.868911
510,0.870693
511,0.872138
513,0.874712
514,0.875400
515,0.877439
516,0.878257
517,0.878907
517,0.879108
517,0.879462
517,0.879790
518,0.880889
519,0.882202
520,0.883307
520,0.884574
521,0.884846
521,0.885704
522,0.886386
522,0.886493
522,0.886610
523,0.888169
524,0.889064
525,0.890533
525,0.890812
526,0.891588
526,0.892378
527,0.892844
528,0.894428
534,0.900798
535,0.902361
535,0.902423
536,0.903000
536,0.903230
537,0.903835
537,0.904255
539,0.905838
541,0.907866
541,0.908004
541,0.908230
543,0.909925
545,0.911801
545,0.911985
548,0.913894
549,0.914911
549,0.915285
552,0.917287
553,0.918865
557,0.921384
557,0.922016
559,0.923175
561,0.925419
561,0.925484
561,0.925680
561,0.925927
563,0.926901
563,0.927342
563,0.927459
564,0.928201
565,0.928862
566,0.929929
567,0.930566
570,0.932889
570,0.933443
573,0.935586
573,0.935790
578,0.939504
578,0.939871
578,0.939966
579,0.940326
579,0.940726
582,0.942631
583,0.943902
585,0.945373
587,0.946763
593,0.951149
594,0.951542
597,0.953339
601,0.956203
602,0.956536
605,0.958407
606,0.958996
608,0.959538
609,0.959920
612,0.961262
619,0.963876
621,0.964548
624,0.965653
625,0.966043
631,0.967964
634,0.968850
635,0.968954
635,0.969004
638,0.969765
642,0.971029
647,0.972373
651,0.973098
656,0.974075
658,0.974545
663,0.975310
664,0.975543
665,0.975723
668,0.976088
672,0.976696
677,0.977444
701,0.980259
707,0.980775
718,0.981661
718,0.981676
740,0.983124
763,0.983984
825,0.985725
869,0.986724
986,0.988467
996,0.988549
1194,0.989844
1594,0.991154
1730,0.991540
5178,0.994960
7702,0.997544
8151,0.997747
8505,0.997883
88242,0.998603
7756384,0.999173
7970815,0.999610
248659515,1.000000
