30900.537251
32473.699359
351,0.000000
356,0.000144
364,0.003506
364,0.004061
364,0.004671
364,0.005852
364,0.008714
364,0.010481
364,0.010627
364,0.011271
364,0.011832
364,0.014129
364,0.016324
364,0.017401
364,0.018392
364,0.019079
364,0.019447
364,0.020091
364,0.023078
364,0.024713
364,0.025196
364,0.025839
364,0.028336
364,0.029002
364,0.030494
364,0.030595
364,0.031849
364,0.032927
364,0.033634
364,0.033866
364,0.035089
364,0.037390
364,0.038214
364,0.038370
364,0.038479
364,0.038572
364,0.038834
364,0.039612
364,0.039667
364,0.039871
364,0.040136
364,0.040839
364,0.041647
364,0.042344
364,0.043329
364,0.043484
364,0.043808
364,0.043968
364,0.046233
364,0.047058
364,0.051286
364,0.051954
365,0.055831
365,0.057010
365,0.058680
365,0.059938
365,0.060368
365,0.061420
365,0.061698
365,0.062581
365,0.063119
365,0.064434
365,0.066375
365,0.066962
365,0.070465
365,0.070753
365,0.071487
365,0.072197
365,0.074413
365,0.074650
365,0.075013
365,0.076791
365,0.079618
365,0.080494
365,0.080984
365,0.081357
365,0.081469
365,0.081611
365,0.082178
365,0.083292
365,0.083555
365,0.083851
365,0.085917
365,0.085966
365,0.086355
365,0.087604
365,0.087862
365,0.088483
365,0.089572
365,0.091062
365,0.092539
365,0.092983
365,0.094040
365,0.094776
365,0.095016
365,0.097446
365,0.098854
365,0.100190
365,0.101224
365,0.101647
365,0.102959
365,0.106717
365,0.107973
365,0.108881
365,0.110487
365,0.114225
365,0.116077
365,0.117057
365,0.117962
365,0.120167
365,0.122583
365,0.123250
365,0.123496
365,0.124770
365,0.126168
365,0.126866
365,0.130005
365,0.130162
365,0.134342
365,0.135332
365,0.135515
365,0.135531
365,0.136397
365,0.136596
365,0.137581
365,0.137666
365,0.138196
365,0.138483
365,0.139260
365,0.141165
365,0.141589
365,0.143048
365,0.143154
365,0.143849
365,0.146150
365,0.146158
365,0.147128
365,0.147556
365,0.149187
365,0.150056
365,0.151228
365,0.153370
365,0.153737
365,0.154167
365,0.154655
365,0.155529
365,0.155976
365,0.159207
365,0.160371
365,0.161643
365,0.163992
365,0.164100
365,0.164330
365,0.164331
365,0.165479
365,0.165744
365,0.167832
365,0.168464
365,0.168603
365,0.169889
365,0.170176
365,0.170367
365,0.170565
365,0.171228
365,0.171744
365,0.173838
365,0.175183
365,0.175409
365,0.175444
365,0.176023
365,0.176977
365,0.180268
365,0.181246
365,0.181332
365,0.181591
365,0.182828
365,0.185293
365,0.186764
365,0.186851
365,0.187599
365,0.189445
365,0.189789
365,0.189854
365,0.191199
365,0.191247
365,0.193377
365,0.194348
365,0.198334
365,0.202235
365,0.204093
365,0.204560
365,0.207902
365,0.208414
365,0.209112
365,0.209128
365,0.210041
365,0.210364
365,0.211581
365,0.212267
365,0.212740
365,0.212877
365,0.212891
365,0.213412
365,0.213999
365,0.215219
365,0.215332
365,0.215364
365,0.216488
365,0.217382
365,0.217582
365,0.217636
365,0.218252
365,0.218806
365,0.220939
365,0.222609
365,0.222841
365,0.223490
365,0.223849
365,0.225086
365,0.225528
365,0.225643
365,0.226476
365,0.228251
365,0.229323
365,0.229991
365,0.230590
365,0.231091
365,0.231249
365,0.231399
365,0.232345
365,0.232950
365,0.233581
366,0.234174
366,0.235006
366,0.235427
366,0.236373
366,0.237319
366,0.237600
366,0.238757
366,0.238816
366,0.240497
366,0.240559
366,0.243414
366,0.244025
366,0.244124
366,0.244307
366,0.246384
366,0.246493
366,0.246734
366,0.247024
366,0.247886
366,0.249399
366,0.249416
366,0.249812
366,0.250069
366,0.251381
366,0.252370
366,0.254349
366,0.256517
366,0.258381
366,0.258930
366,0.259853
366,0.259922
366,0.261451
366,0.262754
366,0.266484
366,0.266646
366,0.268015
366,0.269548
366,0.270034
366,0.270757
366,0.271510
366,0.272529
366,0.273236
366,0.275032
366,0.275075
366,0.278493
366,0.279049
366,0.279702
366,0.280269
366,0.282845
366,0.284625
366,0.284642
366,0.285811
366,0.285887
366,0.286752
366,0.287672
366,0.288437
366,0.288854
366,0.289044
366,0.289533
366,0.290089
366,0.291379
366,0.292050
366,0.292571
366,0.292977
366,0.293021
366,0.293053
366,0.293650
366,0.293670
366,0.293747
366,0.293758
366,0.295152
366,0.296140
366,0.296346
366,0.297417
366,0.300235
366,0.300260
366,0.301249
366,0.302032
366,0.302046
366,0.303688
366,0.304875
366,0.305543
366,0.305705
366,0.307913
366,0.308290
366,0.311537
366,0.311933
366,0.314090
366,0.314473
366,0.316573
366,0.319052
366,0.323653
366,0.323693
366,0.323807
366,0.324527
366,0.325052
366,0.326459
366,0.326467
366,0.327116
366,0.327339
366,0.328635
366,0.329144
366,0.329879
366,0.330270
366,0.332734
366,0.333270
366,0.334528
366,0.335220
366,0.336406
366,0.336763
366,0.338337
366,0.342257
366,0.342654
366,0.342935
366,0.344124
366,0.344781
366,0.345153
366,0.345697
366,0.349391
366,0.353635
366,0.354831
366,0.354889
366,0.354981
366,0.355147
366,0.355560
366,0.358366
366,0.359927
366,0.359932
366,0.361161
366,0.361744
366,0.362178
366,0.362244
366,0.364749
366,0.364868
366,0.364945
366,0.365905
366,0.367723
366,0.368734
366,0.371141
366,0.372463
366,0.374599
366,0.375736
366,0.378518
366,0.378867
366,0.379650
366,0.380356
366,0.380886
366,0.381341
366,0.381491
366,0.382136
366,0.383557
366,0.385669
366,0.385929
366,0.386017
366,0.386263
366,0.389183
366,0.390598
366,0.394628
366,0.395412
366,0.396762
366,0.397304
366,0.399425
366,0.399975
367,0.400623
367,0.404714
367,0.405472
367,0.405833
367,0.407049
367,0.408748
367,0.409520
367,0.409603
367,0.411416
367,0.412487
367,0.413244
367,0.413829
367,0.413858
367,0.413933
367,0.414597
367,0.415323
367,0.415900
367,0.418641
367,0.419739
367,0.420046
367,0.420697
367,0.420921
367,0.423154
367,0.423268
367,0.424165
367,0.425190
367,0.425803
367,0.427474
367,0.428913
367,0.430175
367,0.432452
367,0.433606
367,0.435290
367,0.435335
367,0.437274
368,0.439446
368,0.440542
368,0.440813
368,0.442805
368,0.444539
368,0.444547
369,0.447500
369,0.447710
369,0.447869
369,0.448123
370,0.450468
370,0.451220
370,0.451331
370,0.452022
370,0.453432
370,0.455018
370,0.455225
370,0.455899
370,0.456411
370,0.456717
370,0.456985
370,0.457788
370,0.461117
370,0.461571
370,0.462346
370,0.463087
370,0.463608
370,0.463671
370,0.464027
370,0.464285
370,0.465333
370,0.465859
370,0.466128
370,0.466464
370,0.466930
370,0.467446
370,0.467860
370,0.469690
370,0.470223
370,0.471094
370,0.471184
370,0.473464
370,0.475254
370,0.475592
370,0.475804
370,0.477156
370,0.477485
370,0.478430
370,0.479617
370,0.479994
370,0.480084
370,0.480214
370,0.481302
370,0.481702
370,0.481862
370,0.482996
370,0.484348
370,0.486325
370,0.486705
370,0.486747
370,0.488987
370,0.490317
370,0.490562
370,0.491519
370,0.491595
370,0.492404
370,0.492571
370,0.493025
370,0.494163
370,0.494734
370,0.495268
370,0.495398
370,0.496655
370,0.496806
370,0.497679
370,0.498314
370,0.499115
370,0.499224
370,0.499392
370,0.500344
370,0.501412
370,0.503009
371,0.504944
371,0.505966
371,0.508456
371,0.509157
371,0.509287
371,0.510660
371,0.512063
371,0.512900
371,0.513484
371,0.514604
371,0.514912
371,0.515863
371,0.519661
371,0.520530
371,0.521307
371,0.523143
371,0.528176
371,0.528190
371,0.529065
371,0.530664
371,0.531326
371,0.531343
371,0.531952
371,0.531965
371,0.532627
371,0.534537
371,0.538916
371,0.539154
371,0.539344
371,0.539883
371,0.539938
371,0.540190
371,0.540573
371,0.540646
371,0.543558
371,0.545095
371,0.546847
371,0.547715
371,0.548463
371,0.548641
371,0.548720
371,0.549172
371,0.550079
371,0.557081
371,0.557910
371,0.558006
371,0.561633
371,0.561780
371,0.563084
372,0.563353
372,0.566717
372,0.566964
372,0.567037
372,0.569056
372,0.570662
372,0.570709
372,0.570872
372,0.572238
372,0.572881
372,0.572890
372,0.573133
372,0.573173
372,0.573616
372,0.574677
372,0.575449
372,0.578444
372,0.579434
372,0.579825
372,0.580031
372,0.580865
372,0.581172
372,0.582547
372,0.583087
372,0.583682
372,0.584013
372,0.584812
372,0.585360
372,0.587188
372,0.588502
372,0.589569
372,0.591190
372,0.591260
372,0.591947
372,0.592084
372,0.592107
372,0.592156
372,0.593422
372,0.593492
372,0.595392
372,0.597070
372,0.598871
372,0.601574
372,0.602583
372,0.603116
372,0.604570
372,0.605313
372,0.605563
372,0.605596
372,0.605992
372,0.606876
372,0.607769
372,0.608799
372,0.609192
372,0.610679
372,0.611064
372,0.611162
372,0.611228
372,0.611537
372,0.614621
372,0.617806
372,0.618836
372,0.619037
372,0.619573
372,0.620892
372,0.621521
372,0.621912
372,0.626184
372,0.628320
372,0.630519
372,0.630834
372,0.633288
372,0.634757
372,0.635629
372,0.637724
372,0.638142
372,0.638275
372,0.640097
372,0.640865
372,0.640982
372,0.645007
372,0.645512
372,0.646288
372,0.646813
372,0.647247
372,0.648045
372,0.648151
372,0.651026
372,0.651649
372,0.651961
372,0.652092
372,0.652296
373,0.653484
373,0.656019
373,0.660151
373,0.660209
373,0.662150
373,0.663037
373,0.665667
373,0.667060
373,0.667557
373,0.668713
373,0.668919
373,0.669120
373,0.669833
373,0.670121
373,0.670518
373,0.670827
373,0.671888
373,0.672471
373,0.673404
373,0.673760
373,0.674119
373,0.675370
373,0.676054
373,0.677492
373,0.678011
373,0.678871
373,0.680514
373,0.683856
373,0.685988
373,0.687061
373,0.687713
374,0.688080
374,0.689600
374,0.690251
374,0.690783
374,0.691925
374,0.692986
374,0.694140
375,0.696177
375,0.696375
376,0.700702
376,0.701382
376,0.701555
376,0.701904
376,0.701989
376,0.702197
376,0.704881
376,0.705168
376,0.705415
377,0.706102
377,0.707642
377,0.707811
377,0.708239
377,0.709389
377,0.710674
377,0.711076
377,0.712879
377,0.712950
377,0.713307
377,0.713406
377,0.713515
377,0.716049
377,0.716235
377,0.716702
377,0.717112
377,0.718648
377,0.719105
377,0.719672
377,0.719699
377,0.719993
377,0.722860
377,0.723612
377,0.725418
378,0.727302
378,0.727562
378,0.728496
378,0.728753
378,0.729277
378,0.729436
378,0.730233
378,0.730618
378,0.734262
378,0.734554
378,0.734703
378,0.735657
378,0.736364
378,0.736757
378,0.738860
378,0.738990
378,0.742053
378,0.743091
378,0.744188
378,0.744244
378,0.745098
378,0.745670
378,0.745930
378,0.746997
378,0.747585
378,0.747686
378,0.747981
378,0.748106
378,0.748418
378,0.748474
378,0.748718
379,0.750885
379,0.751055
379,0.751664
379,0.753216
379,0.753748
379,0.754587
379,0.754649
379,0.755128
379,0.755527
379,0.755672
379,0.757001
379,0.757853
379,0.757902
379,0.758041
379,0.758494
379,0.758710
379,0.760364
379,0.762297
379,0.763195
379,0.763945
379,0.764324
379,0.764401
379,0.764635
379,0.764707
379,0.765332
379,0.766008
379,0.769327
379,0.769764
379,0.771215
379,0.774135
379,0.774420
379,0.774946
379,0.775191
380,0.775505
380,0.775541
380,0.775730
381,0.777803
400,0.781558
416,0.783861
416,0.784560
418,0.785448
421,0.788029
423,0.789673
425,0.790914
425,0.791682
427,0.793548
429,0.794346
434,0.795883
435,0.796199
444,0.798890
453,0.803069
454,0.803460
454,0.803513
458,0.805905
459,0.806977
460,0.807608
461,0.809450
464,0.813507
465,0.813925
465,0.814331
466,0.815279
467,0.816970
467,0.817113
469,0.820130
469,0.820365
469,0.820721
470,0.821691
470,0.822418
470,0.823166
473,0.828243
474,0.829534
474,0.830351
474,0.830855
475,0.831375
477,0.834741
479,0.837260
479,0.838242
479,0.838731
479,0.838852
480,0.839981
480,0.840052
480,0.840211
481,0.841671
481,0.842166
481,0.842749
482,0.843267
484,0.847066
486,0.850299
486,0.850765
487,0.851472
489,0.855444
490,0.856488
490,0.856852
490,0.856953
491,0.859024
492,0.859943
492,0.859987
493,0.861669
494,0.862587
494,0.862698
496,0.865543
497,0.866995
497,0.867536
497,0.868015
499,0.870796
500,0.871873
501,0.873186
501,0.873375
501,0.873416
502,0.874688
503,0.875722
503,0.876449
505,0.879483
506,0.880155
506,0.880543
507,0.881147
507,0.881149
507,0.881346
507,0.881593
508,0.882534
508,0.883587
509,0.884839
510,0.886208
510,0.886277
511,0.886550
511,0.886581
512,0.888352
512,0.888984
513,0.889242
513,0.889670
513,0.889878
513,0.889879
514,0.891169
515,0.891847
515,0.891905
516,0.893222
516,0.893497
516,0.894060
517,0.894607
517,0.895357
517,0.895558
518,0.895629
519,0.897053
519,0.897600
520,0.899187
520,0.899917
522,0.901993
522,0.902342
523,0.902800
524,0.905218
525,0.905889
526,0.906642
526,0.907222
526,0.907416
527,0.908006
530,0.911550
531,0.911734
532,0.913151
533,0.913783
534,0.914398
535,0.915581
537,0.917445
537,0.917751
541,0.920674
542,0.921957
543,0.922050
545,0.923930
545,0.924133
545,0.924182
547,0.925211
547,0.925339
552,0.929355
556,0.932580
557,0.933113
558,0.933647
559,0.934646
559,0.934826
559,0.935174
560,0.935617
560,0.935846
561,0.936939
562,0.937887
564,0.939024
566,0.940832
567,0.941556
567,0.941872
568,0.942685
568,0.942791
569,0.942810
569,0.942965
569,0.943145
571,0.944417
571,0.944465
574,0.947376
575,0.947575
575,0.947903
577,0.949384
579,0.950960
580,0.951625
581,0.951819
581,0.952335
583,0.953137
583,0.953199
583,0.953208
584,0.954295
587,0.956237
588,0.956402
589,0.957036
589,0.957252
591,0.958435
591,0.958674
596,0.960969
596,0.961057
601,0.963930
602,0.964164
603,0.964906
609,0.967138
609,0.967359
610,0.967675
623,0.971663
625,0.972158
625,0.972245
632,0.973886
633,0.974198
642,0.976396
650,0.977766
655,0.978651
682,0.981988
698,0.983600
712,0.984576
719,0.984998
780,0.987394
804,0.988005
805,0.988025
805,0.988043
814,0.988273
827,0.988527
924,0.990154
1568,0.993082
2368,0.994200
5445,0.996239
5464,0.996251
6186,0.996777
29833274,0.999887
139638597,0.999999
