45607.306163
21986.687143
351,0.000000
363,0.000993
363,0.001795
364,0.005066
364,0.005890
364,0.005990
364,0.009093
364,0.011277
364,0.011678
364,0.013393
364,0.014093
364,0.014139
364,0.014554
365,0.016151
365,0.016797
365,0.017623
365,0.017955
365,0.022968
365,0.023995
365,0.023998
365,0.025262
365,0.025493
365,0.025679
365,0.029285
365,0.029604
365,0.029863
365,0.032330
365,0.033717
365,0.033905
365,0.036048
365,0.036409
365,0.037177
365,0.038210
365,0.039324
365,0.039730
365,0.040587
365,0.040702
365,0.041452
365,0.041608
365,0.043150
365,0.043241
365,0.043541
365,0.044293
365,0.046316
365,0.046543
365,0.047313
365,0.048238
365,0.048423
365,0.050151
365,0.050862
365,0.051848
365,0.052923
365,0.054403
365,0.056828
365,0.057276
365,0.058033
365,0.058327
365,0.058677
365,0.059508
365,0.062180
365,0.062635
366,0.062963
366,0.063231
366,0.063368
366,0.064520
366,0.065627
366,0.066546
366,0.067703
366,0.068133
366,0.068522
366,0.070482
366,0.071178
366,0.071665
366,0.072131
366,0.073845
366,0.074284
366,0.074805
366,0.076177
366,0.076184
366,0.076804
366,0.078189
366,0.079577
366,0.082461
366,0.083506
366,0.083562
366,0.083952
366,0.084218
366,0.086996
366,0.087069
366,0.087733
366,0.090181
366,0.093709
366,0.095497
366,0.096284
366,0.097150
366,0.097167
366,0.099032
366,0.099216
366,0.100402
366,0.100860
366,0.104079
366,0.104529
366,0.106391
366,0.106781
366,0.107598
366,0.109325
366,0.109399
366,0.109752
366,0.110481
366,0.110858
366,0.111439
366,0.111940
366,0.112547
366,0.113100
366,0.114059
366,0.115026
366,0.116761
366,0.117973
366,0.120104
366,0.120349
366,0.121391
366,0.121410
366,0.122224
366,0.122257
366,0.124717
366,0.124766
366,0.125432
366,0.128778
366,0.129152
366,0.133678
366,0.134166
366,0.134211
366,0.134369
366,0.134766
366,0.135048
366,0.135345
366,0.135516
366,0.135593
366,0.136748
366,0.137968
366,0.139339
366,0.139418
366,0.139521
366,0.139948
366,0.139996
366,0.140280
366,0.140545
366,0.141684
366,0.142337
366,0.143031
366,0.143187
366,0.146304
366,0.147001
366,0.147407
366,0.147865
366,0.148893
366,0.149028
366,0.149987
367,0.152125
367,0.152795
367,0.152830
367,0.154273
367,0.156387
367,0.156657
367,0.156821
367,0.158909
367,0.159317
367,0.159947
367,0.160585
367,0.161395
367,0.161812
367,0.162709
367,0.163250
367,0.163433
367,0.163463
367,0.163665
367,0.164545
367,0.169187
367,0.169792
367,0.170201
367,0.170931
367,0.171898
367,0.172199
367,0.174432
367,0.174798
367,0.175181
367,0.176653
367,0.178036
367,0.179502
367,0.180254
367,0.180421
367,0.182430
367,0.182723
367,0.183202
367,0.184812
367,0.186219
367,0.186346
367,0.186564
367,0.188462
367,0.189215
367,0.190609
367,0.191435
367,0.191786
367,0.191863
367,0.191893
367,0.192339
367,0.194775
367,0.194962
367,0.195980
367,0.197188
367,0.198083
367,0.198812
367,0.199419
367,0.200315
367,0.202396
367,0.203173
367,0.204019
367,0.204227
367,0.204581
367,0.205105
367,0.205248
367,0.206566
367,0.207007
367,0.207505
367,0.207886
367,0.209186
367,0.210693
367,0.214095
367,0.214259
367,0.214458
367,0.214818
367,0.216061
367,0.217250
367,0.220229
367,0.221091
367,0.222424
367,0.223943
367,0.226519
367,0.226856
367,0.227283
367,0.227765
367,0.227948
367,0.228178
367,0.229378
367,0.230752
367,0.231657
367,0.231890
367,0.231941
367,0.233335
367,0.233796
367,0.234445
367,0.235550
367,0.236390
367,0.237245
367,0.238155
367,0.241924
367,0.243384
367,0.243464
367,0.243469
367,0.244590
367,0.244851
367,0.247358
367,0.247949
367,0.247995
367,0.250118
367,0.251207
367,0.253099
367,0.255403
367,0.255652
367,0.258830
367,0.260276
367,0.260755
367,0.260760
367,0.260996
368,0.264728
368,0.264799
368,0.266214
368,0.269310
368,0.272251
368,0.272898
368,0.273097
368,0.273236
368,0.275320
368,0.275631
368,0.278005
368,0.280623
368,0.281150
368,0.281236
368,0.282011
368,0.284475
368,0.285177
368,0.287359
368,0.288450
368,0.288537
368,0.289195
368,0.289968
368,0.290239
368,0.291126
368,0.291883
368,0.292481
368,0.292872
368,0.293177
368,0.294970
368,0.296009
368,0.296690
368,0.297534
368,0.297895
368,0.297995
368,0.298591
368,0.299447
368,0.301024
368,0.301053
368,0.301182
368,0.301256
368,0.301710
368,0.302929
368,0.303116
368,0.303477
368,0.304576
368,0.304640
368,0.304659
368,0.305440
368,0.307371
368,0.307957
368,0.308101
368,0.310391
368,0.310580
368,0.313386
368,0.313529
368,0.314962
368,0.317162
368,0.317240
368,0.318287
368,0.318995
368,0.319330
368,0.319398
368,0.322803
368,0.323002
368,0.323178
368,0.325033
368,0.326345
368,0.327080
368,0.328447
368,0.328672
368,0.329364
368,0.330314
368,0.330553
368,0.331575
368,0.331611
368,0.332902
368,0.333080
368,0.333220
368,0.333346
368,0.334549
368,0.335042
368,0.335679
368,0.336812
368,0.339305
368,0.340144
368,0.342141
368,0.344401
368,0.344756
368,0.345171
368,0.345311
368,0.345902
368,0.346109
368,0.347554
368,0.348754
368,0.349560
368,0.353034
368,0.354136
368,0.355779
368,0.355898
369,0.357134
369,0.357476
369,0.358325
369,0.359326
369,0.360627
369,0.360657
369,0.360860
369,0.362315
369,0.362367
369,0.362732
369,0.363071
369,0.363900
369,0.364469
369,0.364503
369,0.365115
369,0.365186
369,0.366951
369,0.367524
369,0.372764
369,0.372910
369,0.373158
369,0.374143
369,0.375242
369,0.375770
369,0.376166
369,0.380282
369,0.380773
369,0.381065
369,0.381246
369,0.382754
369,0.382841
369,0.383653
369,0.384145
369,0.384314
369,0.386105
369,0.387002
369,0.388195
369,0.391702
369,0.391897
369,0.394464
369,0.395212
369,0.395993
369,0.396228
369,0.396559
369,0.396840
369,0.397863
369,0.399767
369,0.399884
369,0.400210
369,0.400699
369,0.402167
369,0.402881
369,0.403567
369,0.404139
369,0.408000
370,0.409694
370,0.410624
370,0.412349
370,0.413112
370,0.414171
370,0.414885
370,0.415478
370,0.416160
370,0.417853
370,0.418432
370,0.418780
370,0.419643
370,0.420467
371,0.424567
371,0.425390
371,0.426869
371,0.427261
371,0.430082
371,0.430092
371,0.430246
371,0.430654
371,0.430823
371,0.431023
371,0.431461
371,0.432061
371,0.432423
371,0.432496
371,0.437148
371,0.441926
371,0.442078
371,0.443113
371,0.444383
371,0.445754
371,0.445780
372,0.448171
372,0.450635
372,0.451540
372,0.452398
372,0.454392
372,0.454445
372,0.455282
372,0.457589
372,0.458172
372,0.458478
372,0.460037
372,0.460392
372,0.461036
372,0.461958
372,0.465899
372,0.466140
372,0.471211
372,0.471672
372,0.471791
372,0.471852
372,0.471932
372,0.472598
372,0.472739
372,0.472805
372,0.473450
372,0.475418
372,0.476199
372,0.478022
372,0.478046
372,0.478193
372,0.478729
372,0.478764
372,0.478785
372,0.480103
372,0.481820
372,0.482231
372,0.482423
372,0.483350
372,0.484244
372,0.484633
372,0.487491
372,0.489944
372,0.490161
372,0.490702
372,0.491075
372,0.491192
372,0.491549
372,0.491738
373,0.492484
373,0.495031
373,0.496345
373,0.497170
373,0.497208
373,0.497522
373,0.497770
373,0.498274
373,0.499301
373,0.499427
373,0.501742
373,0.502184
373,0.502467
373,0.502620
373,0.502745
373,0.504939
373,0.505328
373,0.507439
373,0.507495
373,0.508200
373,0.509574
373,0.509815
373,0.510736
373,0.512273
373,0.513356
373,0.516383
373,0.517976
373,0.520712
373,0.520836
373,0.522479
373,0.524766
373,0.525331
373,0.527201
373,0.528832
373,0.529728
373,0.530432
373,0.530457
373,0.530629
373,0.530989
373,0.531042
373,0.531293
373,0.531878
373,0.533468
373,0.534599
373,0.535548
373,0.535986
373,0.536335
373,0.536685
373,0.537153
373,0.539840
373,0.540501
373,0.541441
373,0.542541
373,0.546192
373,0.546748
373,0.547478
373,0.549485
373,0.550344
373,0.550476
373,0.550962
373,0.552511
373,0.552640
373,0.553458
373,0.554796
373,0.556285
373,0.556503
373,0.557006
373,0.558116
374,0.559372
374,0.560213
374,0.562448
374,0.564687
374,0.565261
374,0.566444
374,0.566528
374,0.566811
374,0.567036
374,0.567706
374,0.568183
374,0.568247
374,0.568278
374,0.569951
374,0.570843
374,0.572517
374,0.573161
374,0.574318
374,0.575756
374,0.576474
374,0.576748
374,0.576885
374,0.578723
374,0.579497
374,0.579635
374,0.581205
374,0.581252
374,0.582627
374,0.582661
374,0.583556
374,0.585415
374,0.588604
374,0.590422
374,0.590476
374,0.590483
374,0.590704
374,0.590988
374,0.591143
374,0.591158
374,0.591582
374,0.592860
374,0.593299
374,0.593389
374,0.593587
374,0.593731
374,0.596291
374,0.596637
374,0.596805
374,0.597534
374,0.598156
374,0.598251
374,0.600703
374,0.602844
374,0.602847
374,0.604129
374,0.604187
374,0.604807
374,0.606488
374,0.606756
374,0.607056
374,0.607994
374,0.609469
374,0.609943
374,0.610436
374,0.611044
374,0.611153
374,0.617365
375,0.622723
375,0.623531
375,0.623591
375,0.625738
375,0.626026
375,0.626082
375,0.628551
375,0.631931
375,0.632928
375,0.633052
375,0.633929
375,0.634243
375,0.635233
375,0.635257
375,0.635469
375,0.635512
375,0.636076
375,0.637852
375,0.638036
375,0.638701
375,0.642456
375,0.642631
375,0.643452
375,0.644003
375,0.645349
375,0.646491
375,0.646650
375,0.647102
375,0.647648
375,0.648951
375,0.651498
375,0.651546
375,0.651944
375,0.652656
375,0.653357
375,0.653568
376,0.654095
376,0.654834
376,0.655121
376,0.655179
376,0.655927
376,0.656007
376,0.656122
376,0.656232
376,0.656650
376,0.656864
376,0.657021
376,0.658984
376,0.660980
376,0.663634
376,0.663848
377,0.669214
377,0.669837
377,0.670378
378,0.673418
378,0.673590
378,0.677267
378,0.677516
378,0.679619
378,0.679651
378,0.683714
379,0.684302
379,0.684428
379,0.684754
379,0.686190
379,0.687028
379,0.687618
379,0.688328
379,0.688545
379,0.689917
379,0.691331
379,0.692178
379,0.695751
379,0.698372
379,0.699855
379,0.700748
379,0.701948
379,0.703301
379,0.704452
379,0.704615
379,0.705897
380,0.709880
380,0.710169
380,0.710343
380,0.710738
380,0.711120
380,0.712622
380,0.713910
380,0.714331
380,0.715706
380,0.715951
380,0.717469
380,0.717710
380,0.718264
380,0.718357
380,0.718600
380,0.718918
380,0.718955
380,0.720144
380,0.720277
380,0.720891
380,0.721449
380,0.722223
380,0.722854
380,0.724332
380,0.724521
380,0.727014
380,0.727316
380,0.729471
380,0.732468
380,0.734492
380,0.734633
380,0.735173
380,0.736520
381,0.737712
381,0.737974
381,0.738978
381,0.739031
381,0.740667
381,0.740784
381,0.741120
381,0.741368
381,0.741544
381,0.744373
381,0.745770
381,0.746656
381,0.747155
381,0.747360
381,0.748947
381,0.749361
381,0.749781
381,0.750131
382,0.753628
382,0.753652
382,0.754527
382,0.755045
382,0.755113
382,0.755348
382,0.755550
383,0.755872
384,0.756597
386,0.757369
387,0.757516
393,0.759476
394,0.759784
398,0.761432
407,0.763525
408,0.763641
411,0.764340
411,0.764426
412,0.764703
413,0.764816
413,0.764972
415,0.766243
416,0.766336
417,0.767582
417,0.768006
417,0.768109
418,0.769327
420,0.770569
420,0.770642
420,0.770652
420,0.771554
424,0.775290
425,0.776420
425,0.777350
426,0.778713
427,0.779608
427,0.779967
427,0.780010
428,0.780560
430,0.782480
431,0.782855
435,0.784920
451,0.789669
456,0.791660
460,0.793570
461,0.794829
462,0.795178
462,0.795850
464,0.798487
464,0.798653
465,0.799552
467,0.801358
467,0.801698
467,0.801874
468,0.803366
468,0.803737
469,0.804562
469,0.805958
470,0.807397
470,0.807665
470,0.807804
470,0.807919
472,0.810555
472,0.811185
472,0.812193
473,0.812871
473,0.814046
474,0.815802
475,0.816725
478,0.820160
479,0.821433
479,0.821955
482,0.825641
484,0.828227
484,0.828449
486,0.831276
487,0.832691
487,0.833019
487,0.833040
490,0.836118
490,0.837108
491,0.837813
491,0.837872
492,0.838944
492,0.839229
493,0.840363
495,0.842363
496,0.844022
497,0.844799
497,0.845081
498,0.846111
498,0.847006
499,0.847249
499,0.847296
500,0.848948
500,0.849380
501,0.850262
501,0.850831
502,0.852124
502,0.852189
505,0.855078
505,0.855524
506,0.857347
508,0.859366
509,0.859886
510,0.861569
510,0.861938
510,0.862065
512,0.863929
513,0.865315
514,0.866864
515,0.867859
517,0.869783
519,0.872464
519,0.872913
520,0.874864
520,0.875093
524,0.880002
525,0.880844
526,0.883231
527,0.884348
528,0.884661
528,0.885438
529,0.886095
529,0.886576
530,0.886651
532,0.888727
533,0.890054
534,0.891142
538,0.895027
538,0.895464
540,0.896835
540,0.897258
542,0.898885
543,0.899595
544,0.900477
545,0.901248
547,0.902887
549,0.904649
549,0.905020
549,0.905070
550,0.905212
552,0.906996
552,0.907175
555,0.909851
556,0.909909
560,0.913823
561,0.914857
561,0.914948
563,0.916115
563,0.916555
568,0.920557
571,0.922700
572,0.922878
572,0.923173
572,0.923223
575,0.925565
578,0.927794
579,0.928439
580,0.929137
584,0.931512
588,0.934628
591,0.937164
592,0.937436
592,0.937456
592,0.937639
593,0.938251
594,0.939127
595,0.939753
602,0.944071
604,0.945085
604,0.945165
606,0.946136
608,0.947038
609,0.947258
609,0.947477
611,0.948248
628,0.954188
630,0.954912
637,0.956962
639,0.957470
655,0.961446
656,0.961554
660,0.962246
661,0.962577
669,0.963818
673,0.964369
691,0.966731
693,0.967042
695,0.967189
698,0.967528
703,0.968052
709,0.968656
711,0.968871
725,0.970171
725,0.970241
730,0.970567
732,0.970733
738,0.971165
742,0.971443
752,0.971966
755,0.972136
759,0.972349
770,0.972799
802,0.974014
832,0.975218
958,0.978650
972,0.978901
1072,0.980409
1079,0.980496
1272,0.982552
1327,0.983001
1541,0.984350
1696,0.985176
1929,0.985939
3266,0.988300
3326,0.988361
4357,0.989925
4873,0.990846
5457,0.991991
5535,0.992146
8065,0.996057
7433603,0.997501
248579147,0.999999
