32521.364931
30703.178484
347,0.000000
348,0.000277
348,0.001131
349,0.001898
349,0.003519
349,0.003720
349,0.003865
349,0.006870
350,0.007104
350,0.008083
350,0.008813
350,0.009635
351,0.011693
351,0.012110
351,0.013517
352,0.018321
352,0.019024
352,0.019263
353,0.020936
353,0.022554
353,0.023121
354,0.025685
354,0.026543
354,0.028302
354,0.028373
355,0.029621
355,0.030562
356,0.031727
357,0.031805
357,0.032470
358,0.034812
359,0.038317
359,0.039354
360,0.041761
360,0.042193
360,0.043064
360,0.043386
360,0.043727
360,0.044743
360,0.044976
360,0.050235
361,0.050954
361,0.051680
361,0.052908
361,0.053590
361,0.054417
361,0.055003
361,0.055592
361,0.055906
361,0.057319
361,0.057901
361,0.062755
361,0.062889
361,0.063153
361,0.063770
361,0.063818
361,0.065624
361,0.069059
361,0.069918
361,0.071099
361,0.075269
361,0.075348
361,0.075985
361,0.076034
361,0.077681
361,0.078989
361,0.079699
362,0.080275
362,0.080404
362,0.080561
362,0.081100
362,0.081652
362,0.081941
362,0.082608
362,0.086249
362,0.086519
362,0.086965
362,0.087893
362,0.088172
362,0.088199
362,0.088642
362,0.088917
362,0.091598
362,0.093572
362,0.096366
362,0.098939
362,0.099609
362,0.099879
362,0.100941
362,0.101184
362,0.101938
362,0.102388
362,0.103623
362,0.105226
362,0.105352
362,0.106594
362,0.107638
362,0.108009
362,0.109788
362,0.110873
362,0.111996
362,0.112210
362,0.112289
362,0.112336
362,0.113556
362,0.114052
362,0.115275
362,0.115987
362,0.117648
362,0.120862
362,0.121669
362,0.122524
362,0.124073
362,0.124121
362,0.124758
362,0.124914
362,0.126162
362,0.127291
362,0.128456
362,0.128499
362,0.128806
362,0.131335
362,0.133479
362,0.133804
362,0.134098
362,0.135860
362,0.135885
362,0.136298
362,0.136648
362,0.140192
362,0.141313
362,0.141585
362,0.142694
362,0.143841
362,0.145583
362,0.146659
362,0.147373
362,0.147930
362,0.148051
362,0.148645
362,0.148868
362,0.152565
362,0.153177
362,0.154090
362,0.154150
362,0.154492
362,0.156031
362,0.156722
362,0.157047
362,0.157658
362,0.158978
362,0.160238
362,0.161513
362,0.167470
362,0.167686
362,0.168586
362,0.168635
362,0.169626
362,0.171973
362,0.172917
362,0.172919
362,0.174099
362,0.174695
362,0.176896
362,0.179285
362,0.181434
362,0.182376
362,0.182913
362,0.184075
362,0.184096
362,0.184412
362,0.184587
362,0.184648
362,0.184894
362,0.185074
362,0.186353
362,0.187258
362,0.188441
362,0.188830
362,0.189909
362,0.190953
362,0.190959
362,0.191162
362,0.191348
362,0.192961
362,0.194092
362,0.194434
362,0.195064
362,0.195275
362,0.195538
362,0.195602
362,0.196043
362,0.197851
362,0.198967
362,0.200145
362,0.200490
362,0.200524
362,0.200717
362,0.207579
362,0.207785
362,0.208267
362,0.210008
362,0.210060
362,0.211338
362,0.211652
362,0.211704
362,0.212087
362,0.212588
362,0.212983
362,0.213208
362,0.214397
362,0.214563
362,0.215520
362,0.215645
362,0.216947
362,0.218588
362,0.218657
362,0.220447
362,0.220534
362,0.221128
362,0.221687
362,0.221992
362,0.225507
362,0.225719
362,0.227690
362,0.229605
362,0.230323
362,0.233229
362,0.234249
362,0.234259
362,0.235192
362,0.235893
362,0.236444
363,0.239218
363,0.239985
363,0.240258
363,0.240910
363,0.241960
363,0.243059
363,0.243115
363,0.246390
363,0.247719
363,0.248659
363,0.249355
363,0.250735
363,0.251011
363,0.252186
363,0.253101
363,0.253514
363,0.254047
363,0.257268
363,0.258204
363,0.260552
363,0.260734
363,0.260923
363,0.261264
363,0.261808
363,0.261891
363,0.263676
363,0.264464
363,0.265449
363,0.266474
363,0.267379
363,0.268026
363,0.270525
363,0.270640
363,0.272200
363,0.274356
363,0.276140
363,0.277983
363,0.278330
363,0.278497
363,0.279099
363,0.279252
363,0.279411
363,0.280510
363,0.280640
363,0.282593
363,0.282810
363,0.283890
363,0.285020
363,0.286212
363,0.286506
363,0.286766
363,0.286849
363,0.288144
363,0.288274
363,0.290419
363,0.291954
363,0.293324
363,0.294795
363,0.298022
363,0.298574
363,0.299631
363,0.299774
363,0.300652
363,0.301684
363,0.303358
363,0.305514
363,0.305934
363,0.306872
363,0.307501
363,0.308473
363,0.309266
363,0.309290
363,0.309414
364,0.310610
364,0.311936
364,0.312585
364,0.313392
364,0.313732
364,0.313737
364,0.313854
364,0.315735
364,0.315989
364,0.316146
364,0.316846
364,0.317867
364,0.320206
364,0.320487
364,0.321194
364,0.322404
364,0.324597
364,0.325176
364,0.326516
364,0.327493
364,0.327713
364,0.328033
364,0.329420
364,0.330027
364,0.330161
364,0.330621
364,0.331591
364,0.332119
364,0.332518
364,0.332730
364,0.332895
364,0.335346
364,0.335894
364,0.337838
364,0.338972
364,0.339610
364,0.341015
364,0.341499
364,0.341614
364,0.343154
364,0.344219
364,0.344904
364,0.344926
364,0.345874
364,0.350161
364,0.350551
364,0.351572
364,0.353195
364,0.354108
364,0.354696
364,0.354984
364,0.356484
364,0.356923
364,0.357833
364,0.363297
364,0.364072
364,0.366193
364,0.367188
364,0.367273
364,0.367734
364,0.370856
364,0.370965
364,0.371896
364,0.372046
364,0.375153
364,0.375227
364,0.376121
364,0.376261
365,0.377846
365,0.377849
365,0.377883
365,0.378197
365,0.379682
365,0.381130
365,0.381684
365,0.384584
365,0.386988
365,0.387302
365,0.387454
365,0.388160
365,0.389941
365,0.390604
365,0.392440
365,0.393373
365,0.394984
365,0.394988
365,0.395461
365,0.400749
365,0.401003
365,0.401021
365,0.401380
365,0.405018
365,0.405335
365,0.405459
365,0.405754
365,0.408112
365,0.408491
365,0.409002
365,0.409886
365,0.410000
366,0.412520
366,0.413877
366,0.415080
366,0.418783
366,0.419510
367,0.420319
367,0.422034
367,0.422235
367,0.422962
367,0.424003
367,0.424067
368,0.426104
368,0.426575
368,0.428595
368,0.429919
368,0.430520
368,0.431165
368,0.434122
368,0.436870
368,0.437756
368,0.437897
368,0.438334
368,0.439522
368,0.439571
368,0.440741
368,0.443091
368,0.445019
368,0.446743
368,0.447995
369,0.448278
369,0.448326
369,0.448356
369,0.449216
369,0.450720
369,0.451969
369,0.456258
369,0.457561
369,0.458291
369,0.459154
369,0.459254
369,0.460513
369,0.461833
369,0.462514
369,0.466135
369,0.467811
369,0.468744
369,0.469362
369,0.471124
369,0.471559
369,0.472661
369,0.476553
369,0.476907
369,0.477463
369,0.477637
369,0.477653
369,0.478326
369,0.479094
369,0.480332
369,0.480560
369,0.480730
369,0.481828
369,0.482154
369,0.482346
369,0.482928
369,0.482984
369,0.483157
369,0.483728
369,0.484339
369,0.485813
369,0.486015
369,0.487253
369,0.487265
369,0.487981
369,0.488159
369,0.488687
369,0.489031
369,0.491091
369,0.491221
369,0.492391
369,0.492629
369,0.495185
369,0.496327
369,0.498665
369,0.499076
369,0.499189
369,0.500225
369,0.502971
369,0.504420
369,0.504851
369,0.504995
369,0.507120
369,0.507561
369,0.507568
369,0.508624
369,0.508747
369,0.510156
369,0.510348
369,0.511668
369,0.512443
369,0.514522
369,0.515332
369,0.515391
369,0.515580
369,0.515622
369,0.517694
370,0.521787
370,0.522081
370,0.522201
370,0.522270
370,0.522726
370,0.525443
370,0.526229
370,0.529512
370,0.530584
370,0.531302
370,0.531488
370,0.531601
370,0.533559
370,0.533859
370,0.536589
370,0.537513
370,0.537866
370,0.538035
370,0.539029
370,0.540740
370,0.541807
370,0.543489
370,0.547929
370,0.548127
370,0.549886
370,0.550081
370,0.551227
370,0.551490
370,0.553146
370,0.553333
370,0.553833
370,0.555042
370,0.556971
370,0.557902
370,0.559901
370,0.559972
370,0.560600
370,0.560725
370,0.560864
370,0.560986
370,0.563251
370,0.566129
370,0.566540
370,0.568882
370,0.570165
370,0.570340
370,0.570593
370,0.571360
370,0.571408
370,0.571816
370,0.572355
370,0.573375
370,0.574474
370,0.575145
370,0.575161
371,0.575662
371,0.578270
371,0.579773
371,0.580198
371,0.580300
371,0.583075
371,0.584613
371,0.586457
371,0.587405
371,0.587946
371,0.588854
371,0.589700
371,0.591837
371,0.591869
371,0.591907
372,0.592893
372,0.593820
372,0.593965
372,0.594885
373,0.595440
374,0.598623
374,0.599314
374,0.600711
375,0.601902
375,0.603357
375,0.603463
375,0.603817
375,0.604249
375,0.605308
375,0.605471
375,0.607670
375,0.608630
375,0.608733
375,0.609767
375,0.610790
375,0.611056
375,0.611692
375,0.612105
375,0.613664
375,0.613801
376,0.614265
376,0.614940
376,0.615173
376,0.615509
376,0.615630
376,0.617254
376,0.618718
376,0.618845
376,0.620970
376,0.621048
376,0.621762
376,0.622591
376,0.622856
376,0.625708
376,0.625773
376,0.626251
376,0.626406
376,0.628758
376,0.628995
376,0.629981
376,0.630410
376,0.631247
376,0.633242
377,0.633883
377,0.633890
377,0.635157
377,0.635297
377,0.637799
377,0.639915
377,0.640428
377,0.641168
377,0.641474
377,0.643521
377,0.643605
377,0.644623
377,0.644979
377,0.645569
377,0.645933
377,0.646498
377,0.648132
379,0.650191
379,0.650240
381,0.652060
381,0.652221
381,0.652267
381,0.652348
382,0.652378
383,0.653636
384,0.654049
384,0.654403
385,0.654663
385,0.654879
386,0.655064
388,0.656207
388,0.656376
389,0.657192
390,0.657373
391,0.658500
392,0.658828
395,0.660521
404,0.664431
412,0.667336
413,0.668346
414,0.668598
414,0.668821
415,0.670813
416,0.672041
416,0.672442
417,0.674442
417,0.674645
417,0.674758
417,0.675687
420,0.681058
420,0.681791
420,0.682434
420,0.682502
421,0.684979
421,0.685452
421,0.685491
421,0.685601
422,0.687078
422,0.687535
423,0.690388
423,0.690499
424,0.691256
424,0.691531
424,0.691717
424,0.692701
424,0.692833
424,0.693126
425,0.693237
425,0.695216
426,0.696414
427,0.700840
427,0.701113
427,0.701537
428,0.702386
429,0.704526
430,0.705677
430,0.705915
430,0.706844
432,0.708345
433,0.709183
433,0.709412
433,0.709549
437,0.712534
437,0.713066
438,0.713938
438,0.714120
439,0.714439
439,0.714633
439,0.714779
439,0.714952
450,0.721266
450,0.721383
453,0.723222
453,0.723230
454,0.723910
454,0.723951
457,0.725300
459,0.726886
459,0.727638
460,0.728116
460,0.728610
460,0.728689
461,0.729907
461,0.730119
462,0.730793
462,0.731033
463,0.734069
464,0.735872
464,0.735997
464,0.736187
465,0.737745
466,0.738348
466,0.738904
466,0.739185
466,0.739486
467,0.740440
467,0.741673
468,0.744021
469,0.745504
469,0.746066
470,0.748156
470,0.748429
470,0.750210
471,0.750918
471,0.751015
471,0.751115
471,0.751903
471,0.751963
472,0.754293
472,0.754294
472,0.755626
472,0.756081
473,0.759112
473,0.759314
474,0.760174
474,0.760443
474,0.760844
474,0.760930
475,0.762854
476,0.764986
478,0.767170
478,0.767329
479,0.768012
479,0.768113
479,0.768157
480,0.769381
480,0.769755
481,0.770259
481,0.770459
481,0.771060
481,0.771177
482,0.771956
482,0.772565
483,0.772684
483,0.772804
483,0.773096
484,0.773721
485,0.774787
486,0.776276
486,0.776284
487,0.777065
488,0.778469
489,0.779094
489,0.779147
492,0.782024
493,0.783225
495,0.785154
495,0.785664
496,0.785980
496,0.786208
496,0.786284
496,0.786647
497,0.787611
499,0.789567
500,0.789958
502,0.792114
503,0.793637
504,0.794396
504,0.794602
505,0.795104
505,0.795608
506,0.796770
507,0.797297
509,0.799546
513,0.803668
514,0.804457
515,0.804911
515,0.805466
518,0.807846
518,0.808369
519,0.809074
521,0.811413
525,0.815721
526,0.816539
526,0.816711
527,0.817448
527,0.817563
527,0.817693
527,0.817820
528,0.818485
529,0.819963
530,0.820628
531,0.821494
531,0.821502
532,0.822113
533,0.823296
534,0.824219
536,0.825613
540,0.828321
541,0.829133
543,0.830537
545,0.831980
546,0.832808
547,0.833683
548,0.834571
549,0.834715
549,0.835275
549,0.835281
551,0.836097
551,0.836530
554,0.838479
556,0.839976
557,0.840993
559,0.842083
559,0.842709
560,0.843237
564,0.847214
565,0.847615
566,0.849187
567,0.850179
569,0.851511
570,0.852047
573,0.854454
574,0.855190
574,0.855800
575,0.856609
580,0.860168
580,0.860304
583,0.862017
583,0.862023
588,0.865129
593,0.867944
593,0.868334
598,0.870626
604,0.873855
609,0.876317
616,0.879026
620,0.880950
621,0.881222
622,0.881666
628,0.883777
632,0.885303
632,0.885407
640,0.888220
642,0.888619
642,0.888821
642,0.888895
643,0.889074
644,0.889255
648,0.890643
662,0.894153
663,0.894399
669,0.895855
675,0.897093
684,0.899317
698,0.901865
702,0.902558
704,0.902877
716,0.904762
720,0.905462
731,0.907345
739,0.908480
746,0.909440
749,0.909881
749,0.909887
757,0.911159
760,0.911561
760,0.911672
760,0.911695
766,0.912619
776,0.914215
778,0.914437
789,0.916280
799,0.918046
804,0.918954
816,0.921070
826,0.922572
841,0.924786
844,0.925258
854,0.926523
865,0.927755
874,0.928795
879,0.929414
896,0.931146
898,0.931312
914,0.932609
922,0.933230
924,0.933370
941,0.934591
946,0.934890
946,0.934908
951,0.935224
961,0.935766
976,0.936679
1006,0.938389
1016,0.938938
1028,0.939560
1082,0.942105
1095,0.942682
1097,0.942792
1098,0.942819
1120,0.943740
1137,0.944492
1174,0.945820
1203,0.946719
1206,0.946831
1212,0.947015
1215,0.947093
1232,0.947555
1236,0.947646
1250,0.948030
1251,0.948045
1326,0.949891
1647,0.954800
1955,0.956695
2130,0.957407
2268,0.958305
2412,0.959384
2570,0.961070
3097,0.964659
3181,0.965035
3301,0.965619
3350,0.965854
3373,0.966001
3794,0.969139
3833,0.969408
3834,0.969414
4020,0.970404
4150,0.970959
4210,0.971195
4435,0.971915
5027,0.974136
5055,0.974242
5075,0.974349
5126,0.974595
5295,0.975409
5320,0.975529
5514,0.976387
5796,0.978313
5947,0.979987
6342,0.983120
6530,0.984082
8315,0.986814
8384,0.986858
8618,0.986956
9656,0.987285
2189923,0.987784
2249314,0.988030
2249642,0.988032
2299444,0.988608
2337078,0.989452
2365977,0.990680
2410882,0.994079
2433731,0.996087
2434644,0.996150
2435064,0.996194
2438195,0.996451
2439199,0.996533
2448474,0.997176
2475582,0.998491
2490371,0.998943
107402870,0.999999
