108516.451329
9208.163019
353,0.000000
360,0.000136
361,0.002510
361,0.003587
361,0.004999
361,0.005429
361,0.006173
361,0.006436
361,0.007157
361,0.007185
361,0.007754
361,0.008186
361,0.008900
361,0.011839
361,0.012477
361,0.013175
361,0.014143
361,0.014429
361,0.014590
361,0.015005
361,0.016112
361,0.016247
362,0.016925
362,0.016949
362,0.021491
362,0.021526
362,0.021894
362,0.022279
362,0.023837
362,0.025063
362,0.025305
362,0.026809
362,0.028488
362,0.028545
362,0.028745
362,0.028745
362,0.028882
362,0.029309
362,0.030253
362,0.030311
362,0.031938
362,0.033325
362,0.034567
362,0.037133
362,0.038179
362,0.038189
362,0.039461
362,0.041108
362,0.041900
362,0.043483
362,0.046169
362,0.046897
362,0.047141
362,0.047306
362,0.047605
362,0.047640
362,0.048091
362,0.048639
362,0.049645
362,0.049725
362,0.050624
362,0.051684
362,0.051768
362,0.052088
362,0.052402
362,0.052676
362,0.053115
362,0.056695
362,0.056877
362,0.057064
362,0.057458
362,0.057627
362,0.058739
362,0.060154
362,0.060625
362,0.061269
362,0.061293
362,0.061899
362,0.062087
362,0.062917
362,0.063745
362,0.065179
362,0.065353
362,0.066404
362,0.068158
362,0.068188
362,0.068509
362,0.069643
362,0.069801
362,0.071305
362,0.073006
362,0.075586
362,0.075820
362,0.076111
362,0.077972
362,0.079138
362,0.079817
362,0.080364
362,0.081168
362,0.082058
362,0.083253
362,0.083996
362,0.084237
362,0.084741
362,0.084972
362,0.087598
362,0.088797
362,0.089759
362,0.089851
362,0.090194
362,0.093886
362,0.095600
362,0.096732
362,0.100566
362,0.101192
362,0.102731
362,0.103634
362,0.103870
362,0.103920
362,0.103962
362,0.104090
362,0.104668
362,0.105466
362,0.106657
362,0.107222
362,0.107472
362,0.108012
362,0.108194
362,0.108533
362,0.108853
362,0.110128
362,0.110405
362,0.112036
362,0.113192
362,0.114203
362,0.114363
362,0.114410
362,0.114853
362,0.115904
362,0.116020
362,0.116949
362,0.119450
362,0.120872
362,0.123667
362,0.126779
362,0.126796
362,0.129475
362,0.130110
362,0.130872
362,0.133302
362,0.133568
362,0.133773
362,0.134605
362,0.137211
362,0.138075
362,0.138620
362,0.139298
362,0.139383
362,0.139631
362,0.140005
362,0.140282
362,0.140987
362,0.142290
362,0.144699
362,0.144876
362,0.146621
362,0.146827
362,0.147306
362,0.147392
362,0.148195
362,0.149031
362,0.150005
362,0.150383
362,0.152201
362,0.153214
362,0.153942
362,0.156068
362,0.156508
362,0.156567
362,0.158193
362,0.159798
362,0.163703
362,0.163940
362,0.164159
362,0.164592
362,0.166080
362,0.166737
362,0.166960
362,0.167131
362,0.167205
362,0.171468
362,0.173964
362,0.176114
362,0.176403
362,0.176588
362,0.177070
362,0.177114
362,0.177244
362,0.177561
362,0.179881
363,0.182977
363,0.184354
363,0.184671
363,0.187528
363,0.189770
363,0.190666
363,0.191012
363,0.191804
363,0.195973
363,0.196276
363,0.196429
363,0.201191
363,0.202641
363,0.202904
363,0.203093
363,0.206363
363,0.209094
363,0.209240
363,0.209507
363,0.210091
363,0.211281
363,0.211960
363,0.212937
363,0.214806
363,0.215769
363,0.215874
363,0.216381
363,0.216910
363,0.218478
363,0.218711
363,0.219149
363,0.220372
363,0.221155
363,0.222545
363,0.224045
363,0.224935
363,0.225728
363,0.226237
363,0.226554
363,0.226997
363,0.227829
363,0.228453
363,0.231332
363,0.231467
363,0.231502
363,0.231630
363,0.231780
363,0.233196
363,0.237443
363,0.239344
363,0.241174
363,0.242879
363,0.244989
363,0.246009
363,0.247064
363,0.248082
363,0.250658
363,0.250950
363,0.251591
363,0.254669
363,0.257368
363,0.257528
363,0.260391
363,0.260513
363,0.261140
363,0.262502
363,0.263050
363,0.263245
363,0.264594
363,0.266367
363,0.267061
363,0.268512
363,0.268855
363,0.269970
363,0.270517
363,0.272092
363,0.272105
363,0.272202
363,0.272646
363,0.276822
363,0.278314
363,0.278559
363,0.279779
363,0.281710
363,0.282014
363,0.282242
363,0.282329
363,0.283061
363,0.286131
363,0.286584
363,0.287592
363,0.291470
363,0.291562
363,0.291747
363,0.292652
363,0.292852
363,0.293600
363,0.293884
363,0.294240
363,0.295559
363,0.296250
363,0.296319
363,0.296359
363,0.297385
363,0.297731
363,0.298081
363,0.299204
363,0.299384
363,0.299979
363,0.301119
363,0.302756
363,0.303528
363,0.304506
363,0.304774
363,0.305000
363,0.305554
363,0.305900
363,0.308164
363,0.308204
363,0.308293
363,0.309922
363,0.310244
363,0.310341
363,0.311938
363,0.313593
363,0.315316
363,0.315429
363,0.319012
363,0.321330
363,0.322127
363,0.322599
363,0.323626
363,0.323676
363,0.324064
363,0.324247
363,0.324254
363,0.325309
363,0.325748
363,0.327417
363,0.328744
363,0.328905
363,0.330390
363,0.331442
363,0.331995
363,0.333600
363,0.333792
364,0.336218
364,0.338425
364,0.338503
364,0.339940
364,0.340549
364,0.340870
364,0.341656
364,0.342250
364,0.342574
364,0.342936
364,0.343602
364,0.343796
364,0.345327
364,0.346145
364,0.346898
364,0.349547
364,0.351720
364,0.352044
364,0.352326
364,0.353494
364,0.356093
364,0.357629
364,0.358032
364,0.360373
364,0.361141
364,0.361535
364,0.363391
364,0.363408
364,0.365264
364,0.366592
364,0.366897
364,0.367803
364,0.368977
364,0.372197
364,0.373152
364,0.373168
364,0.373328
364,0.374500
364,0.376708
364,0.378279
364,0.378561
364,0.379720
364,0.379899
364,0.379910
364,0.381667
364,0.382434
364,0.385084
364,0.386145
364,0.386343
364,0.387679
364,0.387746
364,0.387926
364,0.389046
364,0.390140
364,0.390384
364,0.392459
364,0.392681
364,0.393468
364,0.394164
364,0.394463
364,0.394520
364,0.395183
364,0.396527
365,0.397375
365,0.397594
365,0.397648
365,0.398979
365,0.399871
365,0.401526
365,0.401813
365,0.402779
365,0.403061
365,0.403332
365,0.403872
365,0.406376
365,0.407419
365,0.407730
365,0.407839
365,0.408113
365,0.408844
365,0.409393
365,0.409532
365,0.409609
365,0.411364
365,0.412768
365,0.413986
365,0.414931
365,0.415435
366,0.417346
366,0.417483
367,0.420443
367,0.421706
367,0.421727
367,0.421925
367,0.421938
367,0.422765
367,0.424829
367,0.425147
367,0.425586
367,0.425884
367,0.426346
367,0.426428
367,0.428926
367,0.429170
367,0.430115
368,0.433483
368,0.433971
368,0.434451
368,0.434711
368,0.437544
368,0.437674
368,0.439945
368,0.440475
368,0.442246
368,0.443681
368,0.444560
368,0.444942
368,0.445000
368,0.446579
368,0.448895
368,0.449416
368,0.450528
368,0.450584
368,0.451486
368,0.451536
368,0.451832
368,0.451912
368,0.451945
368,0.452336
368,0.452764
368,0.453032
368,0.454795
368,0.455173
368,0.455180
368,0.457995
368,0.458831
368,0.459939
368,0.460466
368,0.462036
368,0.462875
368,0.464543
368,0.465543
368,0.465907
368,0.470059
368,0.470727
368,0.471348
368,0.471548
368,0.471661
368,0.472071
368,0.476664
369,0.478948
369,0.480108
369,0.480157
369,0.480552
369,0.481276
369,0.482032
369,0.482524
369,0.482828
369,0.483070
369,0.483703
369,0.484605
369,0.485486
369,0.489403
369,0.490935
369,0.493967
369,0.494870
369,0.495763
369,0.496006
369,0.497634
369,0.498843
369,0.501269
369,0.502030
369,0.505131
369,0.505371
369,0.505671
369,0.506054
369,0.506994
369,0.508912
369,0.509647
369,0.510568
369,0.510579
369,0.512311
369,0.513337
369,0.514249
369,0.514989
369,0.515244
369,0.515622
369,0.518737
369,0.518930
369,0.519060
369,0.520200
369,0.520358
369,0.523011
369,0.523852
369,0.525203
369,0.525871
369,0.525915
369,0.526878
369,0.527912
369,0.527932
369,0.529211
369,0.529792
369,0.529862
369,0.530154
369,0.530524
369,0.531472
369,0.531730
369,0.532242
369,0.532494
369,0.533433
369,0.533643
369,0.534427
369,0.534847
369,0.537025
369,0.537898
369,0.539443
369,0.539765
369,0.540239
369,0.543050
369,0.543225
369,0.543474
369,0.543642
369,0.544898
369,0.545054
369,0.546069
369,0.547531
369,0.547853
369,0.548735
369,0.549156
369,0.549625
369,0.550280
369,0.551352
369,0.551478
369,0.553653
369,0.553754
369,0.554361
369,0.555187
369,0.556034
369,0.556270
369,0.558752
369,0.558788
369,0.560131
369,0.560876
369,0.561369
369,0.562630
369,0.563086
369,0.563107
369,0.563745
369,0.564777
369,0.564846
369,0.564866
369,0.565368
369,0.565819
369,0.565846
369,0.567460
369,0.567739
369,0.570017
369,0.571827
369,0.572662
369,0.573138
369,0.574034
369,0.574388
369,0.576382
369,0.577239
369,0.578040
369,0.580767
369,0.581199
369,0.581255
369,0.583356
369,0.584688
369,0.585175
369,0.587999
369,0.588413
369,0.591972
370,0.593857
370,0.598066
370,0.600106
370,0.600314
370,0.601696
370,0.602617
370,0.603445
370,0.603476
370,0.603512
370,0.605963
370,0.606831
370,0.608458
371,0.611113
371,0.612210
371,0.612827
371,0.613247
371,0.613828
371,0.614639
372,0.615248
372,0.615617
372,0.615978
374,0.617858
374,0.619374
374,0.621185
374,0.623514
374,0.625350
374,0.625565
375,0.626146
375,0.626239
375,0.626552
375,0.626890
375,0.627593
375,0.627761
375,0.629248
375,0.630089
375,0.631253
375,0.631371
375,0.632683
375,0.633081
375,0.634308
375,0.634547
375,0.635635
375,0.635832
375,0.635877
375,0.636640
375,0.637353
375,0.637589
375,0.641337
375,0.641469
375,0.643083
375,0.643236
375,0.643567
375,0.644984
375,0.645928
375,0.647114
375,0.647458
376,0.647986
376,0.648431
376,0.648686
376,0.649500
376,0.649927
376,0.650109
376,0.650386
376,0.650624
376,0.652054
376,0.652444
376,0.653901
376,0.654512
376,0.655847
376,0.656330
376,0.656455
376,0.659353
376,0.660136
376,0.661046
376,0.661231
376,0.663418
376,0.663928
376,0.663971
376,0.664985
376,0.665018
376,0.665036
377,0.668006
380,0.670310
384,0.671304
386,0.671842
403,0.674203
412,0.675546
415,0.677949
416,0.679081
417,0.680422
417,0.680459
417,0.680970
417,0.681567
418,0.681989
419,0.683941
419,0.684626
419,0.684960
420,0.685610
420,0.686119
420,0.687169
423,0.691120
423,0.691718
423,0.691730
423,0.692614
424,0.694154
424,0.694864
426,0.697647
426,0.697851
426,0.697995
427,0.699915
427,0.699927
428,0.703082
429,0.704055
429,0.704335
429,0.704468
431,0.706350
434,0.708603
436,0.709936
436,0.710286
437,0.710776
437,0.711409
439,0.712819
439,0.713477
443,0.716552
443,0.716864
446,0.718821
448,0.719894
448,0.720289
451,0.721931
452,0.722489
452,0.723073
453,0.723705
458,0.727645
458,0.728027
460,0.730465
461,0.731207
461,0.731502
461,0.731927
463,0.735069
463,0.735586
463,0.735752
463,0.735826
464,0.736787
465,0.738681
466,0.739796
466,0.740703
467,0.742117
467,0.742811
468,0.743504
468,0.744115
468,0.744524
468,0.745455
469,0.746009
469,0.746267
470,0.748178
470,0.749707
470,0.749949
470,0.749984
471,0.750812
471,0.750933
472,0.753717
472,0.755479
473,0.755949
473,0.756214
473,0.756918
473,0.757402
474,0.758964
474,0.759811
476,0.761829
476,0.762234
476,0.762491
476,0.762950
476,0.763171
477,0.764935
478,0.765060
479,0.767451
479,0.768251
481,0.771138
481,0.772175
482,0.772877
483,0.774211
485,0.778645
486,0.779330
486,0.780240
486,0.780807
487,0.780843
487,0.780887
487,0.781466
487,0.781769
488,0.782659
488,0.782936
489,0.785112
490,0.785731
490,0.785861
490,0.787009
494,0.792471
494,0.793204
496,0.795254
496,0.795655
497,0.798170
498,0.798533
499,0.800254
499,0.800767
499,0.800937
501,0.804144
502,0.804984
502,0.806007
504,0.809390
505,0.811432
506,0.812557
506,0.812563
507,0.813560
507,0.813890
507,0.814712
508,0.816168
509,0.816613
509,0.817440
510,0.818887
511,0.820508
511,0.820586
513,0.824402
513,0.824690
513,0.824705
514,0.825225
514,0.825315
514,0.825905
515,0.826512
515,0.827276
516,0.828446
516,0.828647
517,0.830393
518,0.831514
518,0.831527
519,0.833483
520,0.835657
522,0.839018
522,0.840074
523,0.842262
523,0.842475
524,0.843475
525,0.844279
525,0.844779
525,0.845219
526,0.845694
526,0.847079
527,0.847762
529,0.850254
529,0.850630
529,0.850838
529,0.851385
531,0.853650
532,0.854603
533,0.855293
533,0.855972
536,0.859246
537,0.861268
539,0.862708
541,0.865791
542,0.866455
543,0.867665
544,0.868414
544,0.868477
544,0.868833
544,0.868895
544,0.868906
545,0.869411
545,0.869598
545,0.870189
546,0.870358
546,0.871164
548,0.872885
549,0.873590
549,0.874238
550,0.875120
551,0.875514
551,0.875597
551,0.875802
552,0.876882
553,0.878045
555,0.879836
557,0.881776
557,0.881857
559,0.884218
559,0.884611
560,0.885209
560,0.885342
560,0.885673
561,0.886290
563,0.889090
563,0.889763
563,0.889878
564,0.890480
564,0.890877
564,0.891172
566,0.892380
566,0.893284
569,0.896526
573,0.900867
574,0.901366
575,0.903032
576,0.903697
576,0.904184
576,0.904227
577,0.905188
582,0.910153
585,0.912311
585,0.912600
587,0.914107
588,0.914980
589,0.916058
591,0.917208
592,0.918666
594,0.919756
594,0.920016
597,0.921793
598,0.922037
598,0.922682
600,0.923656
603,0.926121
610,0.929780
617,0.933314
618,0.933715
621,0.935418
627,0.937964
628,0.938079
628,0.938120
628,0.938260
635,0.941038
637,0.941837
637,0.941959
641,0.943361
642,0.943760
643,0.944216
652,0.946659
656,0.947679
660,0.948379
663,0.949202
670,0.950644
672,0.950956
677,0.951798
677,0.951984
679,0.952242
688,0.954350
698,0.955976
725,0.959278
738,0.960415
745,0.960922
751,0.961315
753,0.961404
790,0.963483
795,0.963798
802,0.964265
825,0.965849
838,0.966522
880,0.969013
894,0.969800
901,0.970098
925,0.970935
930,0.971095
994,0.972785
1063,0.974220
1074,0.974451
1208,0.976710
1326,0.978036
1536,0.979571
1643,0.980278
1771,0.980884
2609,0.982408
3766,0.984498
3928,0.985008
4677,0.987698
5244,0.989793
5480,0.990506
5670,0.991057
5811,0.991455
6006,0.992143
6158,0.992778
6359,0.993608
6499,0.994131
7121,0.995351
2343188,0.998973
102694085,1.000000
