62892.739270
15936.249079
351,0.000000
364,0.000883
364,0.003960
364,0.004728
364,0.005477
364,0.005859
364,0.007051
364,0.007793
364,0.008102
364,0.009398
364,0.009556
364,0.009638
364,0.011112
364,0.014198
364,0.015230
364,0.015296
364,0.015760
364,0.016461
364,0.016700
364,0.017896
365,0.019507
365,0.022315
365,0.022428
365,0.022530
365,0.023452
365,0.024161
365,0.024998
365,0.025181
365,0.025211
365,0.025358
365,0.025927
365,0.027781
365,0.027995
365,0.027996
365,0.028401
365,0.029128
365,0.030835
365,0.032795
365,0.033554
365,0.033968
365,0.034408
365,0.035342
365,0.036693
365,0.040925
365,0.041893
365,0.042717
365,0.042924
365,0.045630
365,0.046608
365,0.047899
365,0.048747
365,0.050602
365,0.050923
365,0.051976
365,0.052028
365,0.052075
365,0.052639
365,0.053440
365,0.054038
365,0.055268
365,0.055619
365,0.055907
365,0.059874
365,0.060695
365,0.061341
365,0.061624
365,0.061876
365,0.062102
365,0.063123
365,0.063336
365,0.064514
365,0.066597
365,0.067541
365,0.068335
365,0.068879
365,0.069217
365,0.069765
365,0.070777
365,0.071704
366,0.072341
366,0.072395
366,0.072423
366,0.072472
366,0.072640
366,0.074674
366,0.075608
366,0.075663
366,0.075710
366,0.076625
366,0.077877
366,0.078244
366,0.078773
366,0.079172
366,0.080370
366,0.080659
366,0.081698
366,0.082201
366,0.084419
366,0.084897
366,0.085899
366,0.087087
366,0.087249
366,0.087439
366,0.087650
366,0.090578
366,0.091437
366,0.095816
366,0.095880
366,0.097804
366,0.098048
366,0.098283
366,0.099716
366,0.100817
366,0.101350
366,0.101433
366,0.102426
366,0.103475
366,0.106668
366,0.108662
366,0.109895
366,0.109975
366,0.110258
366,0.110919
366,0.114752
366,0.115190
366,0.116689
366,0.118789
366,0.120063
366,0.122325
366,0.123708
366,0.125682
366,0.126349
366,0.126394
366,0.126579
366,0.127821
366,0.128636
366,0.129270
366,0.130772
366,0.131470
366,0.132517
366,0.133031
366,0.139037
366,0.139682
366,0.139699
366,0.142011
366,0.142633
366,0.145938
366,0.147702
366,0.149032
366,0.149880
366,0.150089
366,0.150317
366,0.150608
366,0.151326
367,0.151917
367,0.152511
367,0.153170
367,0.154041
367,0.155743
367,0.156382
367,0.156390
367,0.157867
367,0.158301
367,0.158683
367,0.159056
367,0.159431
367,0.159711
367,0.161106
367,0.161193
367,0.162109
367,0.164238
367,0.166349
367,0.168713
367,0.169046
367,0.169071
367,0.169251
367,0.170518
367,0.171396
367,0.171528
367,0.172071
367,0.172868
367,0.172968
367,0.173095
367,0.173138
367,0.174769
367,0.175377
367,0.175432
367,0.175546
367,0.176233
367,0.176552
367,0.179320
367,0.180098
367,0.182367
367,0.183708
367,0.185306
367,0.186515
367,0.186674
367,0.187860
367,0.188412
367,0.188507
367,0.190281
367,0.191748
367,0.192900
367,0.193076
367,0.193777
367,0.194499
367,0.194513
367,0.194652
367,0.194720
367,0.194956
367,0.196304
367,0.196548
367,0.196632
367,0.197016
367,0.199033
367,0.199661
367,0.200219
367,0.202425
367,0.202606
367,0.203096
367,0.205141
367,0.206035
367,0.207544
367,0.208561
367,0.209834
367,0.211458
367,0.213540
367,0.213748
367,0.214651
367,0.214996
367,0.215367
367,0.217130
367,0.221199
367,0.221612
367,0.224164
367,0.224275
367,0.224580
367,0.224721
367,0.225533
367,0.225608
367,0.225939
367,0.226621
367,0.226643
367,0.232095
367,0.232910
367,0.232935
367,0.234019
367,0.234544
367,0.234838
367,0.235729
367,0.236223
367,0.236453
368,0.242241
368,0.244443
368,0.245521
368,0.246253
368,0.246408
368,0.247031
368,0.247158
368,0.247325
368,0.247391
368,0.247695
368,0.250376
368,0.251060
368,0.252153
368,0.253840
368,0.253864
368,0.258322
368,0.258709
368,0.260128
368,0.260510
368,0.261048
368,0.261934
368,0.262378
368,0.265012
368,0.268067
368,0.269469
368,0.270561
368,0.270827
368,0.271865
368,0.273184
368,0.273720
368,0.274292
368,0.274900
368,0.275179
368,0.275310
368,0.275979
368,0.276775
368,0.276826
368,0.278239
368,0.279007
368,0.279611
368,0.280014
368,0.280996
368,0.282622
368,0.283031
368,0.283648
368,0.283932
368,0.284048
368,0.284954
368,0.285279
368,0.286672
368,0.288676
368,0.289090
368,0.291503
368,0.292758
368,0.292918
368,0.293573
368,0.293710
368,0.294218
368,0.295986
368,0.301493
368,0.301678
368,0.301757
368,0.307378
368,0.309171
368,0.309973
368,0.310225
368,0.310854
368,0.311087
368,0.311371
369,0.312218
369,0.313250
369,0.317279
369,0.317594
369,0.318547
369,0.320445
369,0.320981
369,0.324174
369,0.325519
369,0.325520
369,0.327141
369,0.327811
369,0.329205
369,0.329590
369,0.329910
369,0.333523
369,0.336751
369,0.338604
369,0.339645
369,0.341503
369,0.342680
369,0.342863
369,0.344011
369,0.346705
369,0.346767
369,0.347881
369,0.347892
369,0.349569
369,0.350388
369,0.351005
369,0.351086
369,0.351160
369,0.351383
369,0.352310
369,0.353305
369,0.353377
369,0.354954
369,0.356517
369,0.356659
369,0.358794
369,0.359608
369,0.359747
369,0.360498
369,0.360603
369,0.360742
369,0.361119
369,0.361406
369,0.365110
369,0.365460
369,0.367555
370,0.368693
370,0.368731
370,0.371167
370,0.372160
370,0.374264
370,0.374986
370,0.376396
370,0.377183
370,0.377218
370,0.377922
370,0.381335
370,0.381431
370,0.383741
370,0.384587
370,0.385302
370,0.386293
370,0.386864
370,0.391471
370,0.392629
370,0.393738
370,0.394026
370,0.395130
370,0.395498
370,0.397186
370,0.397632
370,0.399832
370,0.400291
370,0.401615
370,0.402263
370,0.412027
370,0.412259
371,0.416485
371,0.416938
371,0.418648
371,0.419270
371,0.421498
371,0.422086
371,0.424524
371,0.425831
371,0.426790
371,0.428051
371,0.428122
371,0.429684
371,0.430446
371,0.432069
371,0.435339
371,0.435453
371,0.437083
371,0.438719
371,0.439103
371,0.439199
371,0.441262
371,0.442973
371,0.444344
371,0.444482
371,0.445256
371,0.447109
372,0.450813
372,0.451080
372,0.452117
372,0.452846
372,0.452876
372,0.455721
372,0.455870
372,0.457278
372,0.458318
372,0.465649
372,0.467725
372,0.467810
372,0.468061
372,0.468983
372,0.471721
372,0.473621
372,0.473976
372,0.474773
372,0.474905
372,0.475892
372,0.476420
372,0.479081
372,0.479173
372,0.479469
372,0.480932
372,0.481132
372,0.482353
372,0.483712
372,0.484590
372,0.486633
372,0.487070
372,0.487269
372,0.487954
372,0.488991
372,0.489290
372,0.489542
372,0.490654
372,0.491666
372,0.491742
372,0.492160
372,0.492161
372,0.492229
372,0.497009
372,0.497217
372,0.497582
372,0.497596
373,0.498620
373,0.499115
373,0.499733
373,0.500106
373,0.501638
373,0.502400
373,0.502783
373,0.502916
373,0.503284
373,0.509402
373,0.509975
373,0.513460
373,0.513666
373,0.514301
373,0.514659
373,0.514946
373,0.515691
373,0.515712
373,0.516362
373,0.516809
373,0.517449
373,0.517486
373,0.518762
373,0.519962
373,0.520318
373,0.520415
373,0.520426
373,0.520959
373,0.521667
373,0.522470
373,0.522486
373,0.524490
373,0.526121
373,0.527579
373,0.529614
373,0.530110
373,0.535738
373,0.535874
373,0.538374
373,0.539175
373,0.539470
373,0.539927
373,0.542306
373,0.545743
373,0.545825
373,0.548338
373,0.548379
373,0.548753
373,0.549047
373,0.549612
373,0.551425
373,0.552027
373,0.552132
373,0.553758
373,0.554382
373,0.555787
373,0.555798
373,0.556205
373,0.556659
373,0.559037
373,0.559708
373,0.559990
373,0.560145
373,0.560565
374,0.562795
374,0.563037
374,0.563151
374,0.563187
374,0.563788
374,0.563991
374,0.565646
374,0.566549
374,0.569242
374,0.571938
374,0.572497
374,0.573871
374,0.574275
374,0.574752
374,0.575834
374,0.577193
374,0.577339
374,0.577739
374,0.578841
374,0.579529
374,0.579854
374,0.580938
374,0.581935
374,0.582425
374,0.582532
374,0.584411
374,0.584576
374,0.585205
374,0.586123
374,0.587013
374,0.588934
374,0.589037
374,0.589095
374,0.591577
374,0.591650
374,0.591655
374,0.592634
374,0.593612
374,0.594160
374,0.594255
374,0.595414
374,0.595441
374,0.596180
374,0.596407
374,0.596559
374,0.597233
374,0.598863
374,0.599303
374,0.599331
374,0.600391
374,0.602979
374,0.604431
374,0.604476
374,0.605295
374,0.605758
374,0.606429
374,0.607072
374,0.607269
374,0.607377
374,0.607388
374,0.608158
374,0.608828
374,0.609868
374,0.610155
374,0.610889
374,0.611740
374,0.613013
374,0.613215
374,0.613973
374,0.615880
374,0.617780
374,0.618981
374,0.619265
374,0.620482
375,0.621139
375,0.626609
375,0.627342
375,0.628722
375,0.629398
375,0.631898
375,0.633045
375,0.634727
375,0.635628
375,0.636512
375,0.640444
375,0.640824
375,0.641307
375,0.641702
375,0.643429
375,0.643463
375,0.644550
375,0.644855
376,0.645608
376,0.646230
376,0.647521
376,0.648165
376,0.648395
376,0.649141
376,0.650097
376,0.650634
376,0.652664
376,0.653195
376,0.653600
376,0.653777
376,0.654160
376,0.654948
376,0.655560
376,0.655923
376,0.655996
376,0.656160
376,0.658523
376,0.658697
376,0.658866
376,0.659109
376,0.659291
376,0.659964
376,0.661110
376,0.662268
377,0.663091
377,0.664884
377,0.664941
377,0.666310
377,0.668179
377,0.670592
377,0.670866
377,0.671354
377,0.672269
377,0.677153
377,0.677718
378,0.679108
378,0.679852
378,0.680288
378,0.680472
378,0.680726
378,0.681044
378,0.683496
378,0.683600
378,0.683601
378,0.684083
378,0.685225
378,0.686294
378,0.686325
378,0.686379
378,0.688388
378,0.688905
379,0.692598
379,0.693093
379,0.693875
379,0.694092
379,0.695095
379,0.695909
379,0.696043
379,0.696840
379,0.697005
379,0.697860
379,0.699185
379,0.699922
379,0.700035
379,0.701325
379,0.701762
379,0.702515
379,0.702644
379,0.702943
379,0.703750
379,0.703940
379,0.705038
379,0.705209
379,0.706076
379,0.707623
379,0.708208
379,0.709123
379,0.709818
379,0.709904
379,0.712451
379,0.713520
379,0.715171
379,0.715590
379,0.716036
379,0.716274
379,0.716307
380,0.718095
380,0.719458
380,0.719980
380,0.721309
380,0.721968
380,0.722403
380,0.722606
380,0.725328
380,0.730938
380,0.731857
380,0.733027
380,0.733229
380,0.733283
380,0.733962
380,0.737076
380,0.740027
380,0.740128
380,0.741920
380,0.744994
380,0.745627
380,0.745727
380,0.746296
380,0.746309
380,0.746481
380,0.746564
380,0.747487
380,0.748835
380,0.748990
381,0.752423
381,0.753020
381,0.753220
381,0.754262
381,0.754357
381,0.756926
381,0.758245
381,0.758912
381,0.759324
382,0.759622
382,0.759771
382,0.760047
382,0.761280
382,0.761443
395,0.764101
395,0.764196
396,0.764233
409,0.766607
411,0.767059
415,0.768791
416,0.769083
416,0.769491
423,0.776228
423,0.776275
426,0.779149
427,0.780668
428,0.781730
429,0.782666
429,0.782835
430,0.784075
430,0.784129
431,0.784774
439,0.787680
440,0.788332
440,0.788428
442,0.788913
448,0.790373
455,0.792569
459,0.794429
459,0.794953
460,0.795625
461,0.795990
461,0.796429
461,0.796609
462,0.797497
463,0.799027
464,0.799390
465,0.800973
465,0.801460
465,0.801542
466,0.802608
466,0.802758
468,0.804498
468,0.805749
469,0.806504
469,0.807164
471,0.809955
471,0.811189
472,0.812157
472,0.812314
472,0.813326
472,0.813413
473,0.814107
473,0.814610
473,0.815292
473,0.815480
473,0.815574
473,0.815837
474,0.817549
475,0.819527
476,0.820539
476,0.820894
477,0.821693
477,0.821723
477,0.822335
478,0.823034
478,0.823607
479,0.825190
480,0.826188
482,0.828779
482,0.829587
482,0.829922
483,0.830051
483,0.830595
483,0.830612
483,0.830677
483,0.831125
485,0.833962
487,0.836360
487,0.836836
488,0.837711
488,0.837775
492,0.842856
494,0.845699
494,0.845989
495,0.846300
495,0.847082
495,0.847287
496,0.847893
496,0.848698
497,0.848958
498,0.850793
499,0.852590
501,0.854927
501,0.855180
502,0.856534
503,0.856908
504,0.859052
505,0.859194
505,0.860235
505,0.860343
505,0.860525
506,0.861422
507,0.861912
507,0.861980
507,0.862743
508,0.864004
509,0.864636
509,0.865098
510,0.866001
511,0.867131
511,0.867233
511,0.867804
511,0.868182
512,0.868421
512,0.869064
513,0.869630
513,0.869740
513,0.870218
513,0.870407
516,0.874631
518,0.877309
519,0.877608
520,0.880146
520,0.880223
520,0.880259
520,0.880376
521,0.881065
522,0.883246
523,0.883526
523,0.883785
523,0.884245
523,0.884572
524,0.885068
524,0.885394
524,0.885802
526,0.887968
526,0.887975
527,0.889774
528,0.890040
528,0.890242
528,0.890368
529,0.891541
529,0.891556
531,0.893625
531,0.893992
532,0.894842
533,0.895680
535,0.897613
535,0.898095
535,0.898174
537,0.899474
538,0.900843
538,0.901080
540,0.902400
540,0.902518
540,0.903044
541,0.903369
541,0.903737
543,0.905478
544,0.906620
545,0.907495
546,0.907753
547,0.908610
549,0.910596
549,0.910918
551,0.912282
552,0.912644
552,0.912925
552,0.913254
553,0.913724
556,0.915973
558,0.918123
559,0.918939
560,0.919393
562,0.921563
567,0.925563
567,0.925808
567,0.925949
568,0.926564
571,0.928826
572,0.929441
574,0.931588
576,0.932660
577,0.933498
578,0.934432
580,0.936305
581,0.936947
582,0.937976
585,0.939983
585,0.940255
586,0.940650
590,0.943409
590,0.943412
592,0.944773
595,0.946808
595,0.947109
597,0.948077
602,0.951259
602,0.951366
603,0.952039
604,0.952602
606,0.953396
612,0.956192
613,0.956368
615,0.957215
618,0.958433
626,0.961312
630,0.962541
646,0.967138
650,0.967925
652,0.968346
653,0.968637
663,0.970470
664,0.970621
673,0.971994
677,0.972655
705,0.975881
710,0.976341
752,0.979129
833,0.981694
1026,0.985205
1267,0.987129
1292,0.987277
1444,0.987995
1461,0.988061
1578,0.988473
1893,0.989426
2215,0.989907
2349,0.990074
2414,0.990160
2589,0.990463
2689,0.990631
2724,0.990694
3059,0.991118
4333,0.992373
4621,0.992691
5697,0.994186
10629,0.997781
7713541,0.998547
7938808,0.999160
7941529,0.999168
8026908,0.999385
8040831,0.999412
8080910,0.999515
248943333,0.999999
