154430.811471
6459.696987
346,0.000000
360,0.000480
360,0.000716
360,0.003618
360,0.004628
360,0.008953
360,0.009357
361,0.010547
361,0.012705
361,0.012892
361,0.013789
361,0.015422
361,0.015912
361,0.016797
361,0.017539
361,0.017744
361,0.017777
361,0.018318
361,0.019773
361,0.020379
361,0.020563
361,0.021195
361,0.021300
361,0.024395
361,0.025338
361,0.026009
361,0.028705
361,0.028776
361,0.028890
361,0.029770
361,0.030095
361,0.030143
361,0.030932
361,0.031572
361,0.032256
361,0.032433
361,0.032545
361,0.033755
361,0.035415
361,0.036210
361,0.036853
361,0.037763
361,0.038037
361,0.038327
361,0.038993
361,0.040362
361,0.040925
361,0.041767
361,0.041968
361,0.042876
361,0.043304
361,0.044633
361,0.045376
361,0.045812
361,0.046260
361,0.046801
361,0.047080
361,0.047401
361,0.047587
361,0.048589
361,0.051157
361,0.051162
361,0.051763
361,0.052197
361,0.053138
361,0.054241
361,0.055814
361,0.055883
361,0.056514
361,0.058029
361,0.058097
361,0.058605
361,0.058727
361,0.060586
361,0.060828
361,0.060835
361,0.061033
361,0.064468
361,0.064695
361,0.065010
361,0.065260
361,0.066958
361,0.067958
361,0.068017
362,0.071020
362,0.073288
362,0.074897
362,0.075822
362,0.076512
362,0.077894
362,0.078331
362,0.079014
362,0.079049
362,0.079724
362,0.079969
362,0.081486
362,0.084649
362,0.088009
362,0.089172
362,0.089716
362,0.090625
362,0.090787
362,0.091136
362,0.091260
362,0.091418
362,0.091552
362,0.091804
362,0.092160
362,0.093193
362,0.094811
362,0.095042
362,0.099069
362,0.102341
362,0.102970
362,0.103710
362,0.104319
362,0.104704
362,0.106865
362,0.107543
362,0.108131
362,0.108775
362,0.109175
362,0.110925
362,0.112948
362,0.114247
362,0.114257
362,0.114735
362,0.115841
362,0.117990
362,0.119331
362,0.120723
362,0.121456
362,0.122965
362,0.123587
362,0.123602
362,0.126135
362,0.126316
362,0.126497
362,0.126923
362,0.127633
362,0.128305
362,0.129481
362,0.129894
362,0.131182
362,0.133048
362,0.134205
362,0.136969
362,0.137108
362,0.137319
362,0.139265
362,0.139322
362,0.140003
362,0.141284
362,0.141325
362,0.141680
362,0.141685
362,0.142089
362,0.144123
362,0.145592
362,0.146927
362,0.147434
362,0.149843
362,0.149922
362,0.150391
362,0.150581
362,0.152145
362,0.153936
362,0.155297
362,0.155598
362,0.156048
362,0.156268
362,0.156529
362,0.156706
362,0.157859
362,0.158889
362,0.159671
362,0.161548
362,0.162651
362,0.163359
362,0.163399
362,0.164760
362,0.166234
362,0.169357
362,0.173553
362,0.174431
362,0.174475
362,0.174744
362,0.174832
362,0.175423
362,0.175466
362,0.175605
362,0.176264
362,0.179084
362,0.180756
362,0.181113
362,0.181163
362,0.181245
362,0.181711
362,0.182905
362,0.185638
362,0.186353
362,0.187392
362,0.187525
362,0.188338
362,0.191752
362,0.192864
362,0.193071
362,0.197257
362,0.197655
362,0.199241
362,0.199792
362,0.201963
362,0.203256
362,0.203434
362,0.204018
362,0.204733
362,0.205437
362,0.210286
362,0.212142
362,0.213350
362,0.216848
362,0.218084
362,0.220251
362,0.220614
362,0.220627
362,0.220778
362,0.220974
362,0.222134
362,0.226712
362,0.227406
362,0.227856
362,0.228109
362,0.229344
362,0.229967
362,0.230303
362,0.230774
362,0.230926
362,0.231415
362,0.232596
362,0.233041
362,0.233299
362,0.237518
362,0.238188
362,0.239280
362,0.239939
362,0.240801
362,0.241617
362,0.243270
362,0.243577
362,0.243649
362,0.244939
362,0.248805
362,0.248923
362,0.249190
362,0.250870
362,0.251694
362,0.252289
362,0.254209
362,0.255081
362,0.256681
362,0.256719
362,0.257970
362,0.259675
362,0.260711
362,0.260853
362,0.260905
362,0.261578
362,0.262137
362,0.262537
362,0.263108
362,0.263303
362,0.263499
362,0.263925
362,0.264613
362,0.265893
362,0.266489
362,0.267128
362,0.268985
362,0.269589
362,0.270262
362,0.271608
362,0.273888
362,0.275946
362,0.279355
362,0.281511
363,0.282471
363,0.283138
363,0.284933
363,0.289086
363,0.290033
363,0.292105
363,0.292936
363,0.295246
363,0.295835
363,0.296311
363,0.296490
363,0.297635
363,0.297735
363,0.297829
363,0.298675
363,0.299644
363,0.301754
363,0.302221
363,0.302616
363,0.303941
363,0.304573
363,0.304782
363,0.305160
363,0.305680
363,0.309508
363,0.309957
363,0.310256
363,0.311908
363,0.312096
363,0.312204
363,0.312773
363,0.312944
363,0.312969
363,0.314060
363,0.314535
363,0.317318
363,0.318736
363,0.320316
363,0.323591
363,0.323613
363,0.324355
363,0.325562
363,0.327734
363,0.327982
363,0.330848
363,0.330941
363,0.332174
363,0.333142
363,0.334344
364,0.334525
364,0.335640
364,0.336448
364,0.336857
364,0.337136
364,0.337585
364,0.337603
364,0.339907
364,0.340536
364,0.341828
364,0.342717
364,0.343767
364,0.344433
364,0.345862
364,0.346014
364,0.346617
364,0.347757
364,0.348999
364,0.349046
364,0.350769
364,0.351218
364,0.354003
364,0.355801
364,0.357761
364,0.358110
364,0.358488
364,0.359860
364,0.359873
364,0.360259
364,0.360668
364,0.361159
364,0.363775
364,0.364491
364,0.367409
364,0.368422
364,0.370886
364,0.371087
364,0.373233
364,0.375163
364,0.378103
364,0.379426
364,0.379611
364,0.380082
364,0.380440
364,0.381021
364,0.381055
364,0.383013
364,0.384206
364,0.384998
364,0.386344
364,0.386709
364,0.388100
364,0.388336
364,0.391444
364,0.391528
364,0.391661
364,0.392796
364,0.393379
364,0.394253
364,0.394360
364,0.396755
364,0.397036
365,0.398350
365,0.399031
365,0.399436
365,0.399448
365,0.399851
365,0.400166
365,0.400369
365,0.402556
365,0.403579
365,0.404281
365,0.404661
365,0.405032
365,0.405072
365,0.405621
365,0.406130
365,0.407383
365,0.408640
365,0.408919
365,0.409168
365,0.409321
365,0.409491
365,0.413139
365,0.415237
365,0.415453
365,0.415832
365,0.416003
365,0.416021
365,0.419126
365,0.419542
365,0.420478
365,0.420519
365,0.421642
365,0.422509
365,0.423557
365,0.423930
365,0.424035
365,0.424843
366,0.426924
367,0.429580
367,0.429628
367,0.429857
367,0.430226
367,0.431497
367,0.434329
367,0.434402
367,0.436214
368,0.437934
368,0.438107
368,0.438768
368,0.440189
368,0.442340
368,0.443264
368,0.445481
368,0.452076
368,0.453350
368,0.454946
368,0.455094
368,0.458929
368,0.460408
368,0.464213
368,0.464628
368,0.466778
368,0.466926
368,0.466960
368,0.467541
368,0.468738
368,0.468900
368,0.472175
369,0.472954
369,0.474344
369,0.475590
369,0.476402
369,0.476893
369,0.477298
369,0.478062
369,0.479907
369,0.480901
369,0.481719
369,0.482779
369,0.482831
369,0.485461
369,0.485762
369,0.488388
369,0.488826
369,0.489465
369,0.489659
369,0.489967
369,0.490498
369,0.491801
369,0.493775
369,0.495363
369,0.495797
369,0.495994
369,0.500332
369,0.501426
369,0.501651
369,0.502212
369,0.502432
369,0.502767
369,0.503171
369,0.503273
369,0.504448
369,0.504502
369,0.505149
369,0.505161
369,0.505234
369,0.505428
369,0.505554
369,0.507133
369,0.507860
369,0.509029
369,0.510072
369,0.510745
369,0.511432
369,0.511813
369,0.512443
369,0.513314
369,0.515102
369,0.516167
369,0.516721
369,0.517479
369,0.520735
369,0.520763
369,0.522359
369,0.522569
369,0.522850
369,0.523290
369,0.523297
369,0.523373
369,0.525353
369,0.525659
369,0.526734
369,0.527714
369,0.531504
369,0.532013
369,0.533863
369,0.535986
369,0.536160
369,0.536884
369,0.538524
369,0.540276
369,0.540332
369,0.541152
369,0.541191
369,0.541461
369,0.541707
369,0.543391
369,0.544542
369,0.547041
369,0.547215
369,0.547323
369,0.548897
369,0.549355
369,0.550845
369,0.551084
369,0.555883
369,0.555941
369,0.556511
369,0.556545
369,0.556626
369,0.557351
369,0.558063
369,0.558145
369,0.558162
369,0.560002
369,0.560964
369,0.564690
369,0.564735
369,0.566793
369,0.567045
369,0.568035
369,0.569635
369,0.570308
369,0.573134
369,0.573181
369,0.573686
369,0.574485
369,0.574874
369,0.576208
369,0.576530
369,0.576710
369,0.579195
369,0.579629
369,0.579953
369,0.581743
369,0.581891
369,0.582874
369,0.584753
369,0.586065
369,0.586700
369,0.588215
369,0.589375
370,0.590203
370,0.590527
370,0.593167
370,0.595411
370,0.597388
370,0.597479
370,0.597935
370,0.598520
370,0.598741
370,0.604042
370,0.604339
370,0.605253
370,0.605425
370,0.605798
370,0.606588
370,0.609441
370,0.610165
371,0.613675
371,0.613972
371,0.614651
371,0.615388
371,0.615801
371,0.616635
371,0.616959
371,0.617189
371,0.617662
371,0.617813
372,0.621900
373,0.622175
373,0.622603
373,0.622615
374,0.624277
374,0.624558
374,0.626002
374,0.627553
375,0.629341
375,0.631414
375,0.633238
375,0.636367
375,0.636779
375,0.637613
375,0.640063
375,0.640637
375,0.640909
375,0.642059
375,0.642971
375,0.644915
375,0.645011
375,0.645256
375,0.647321
375,0.647499
375,0.648070
375,0.648392
375,0.648487
375,0.649536
375,0.649965
376,0.650882
376,0.651302
376,0.651539
376,0.651675
376,0.651805
376,0.652773
376,0.652832
376,0.654338
376,0.654430
376,0.654633
376,0.655742
376,0.656317
376,0.656686
376,0.659093
376,0.659562
376,0.660380
376,0.660536
376,0.661105
376,0.661963
376,0.662474
376,0.663675
376,0.666862
376,0.667215
376,0.669243
376,0.669298
376,0.670103
376,0.670116
377,0.672450
377,0.672724
377,0.672901
377,0.673238
377,0.673522
377,0.676055
377,0.676327
378,0.676621
379,0.676967
385,0.678053
395,0.680210
396,0.680427
397,0.680880
400,0.681715
404,0.682791
404,0.682846
414,0.684901
416,0.687212
417,0.688050
418,0.689323
418,0.689393
418,0.689633
418,0.690022
419,0.690423
419,0.690784
420,0.692426
421,0.692824
421,0.693524
422,0.694581
425,0.698692
425,0.699174
425,0.699201
425,0.699294
426,0.700785
426,0.700825
426,0.701174
427,0.702083
428,0.703002
428,0.703283
428,0.703439
429,0.704280
432,0.707316
433,0.708252
434,0.709130
435,0.709746
435,0.710081
436,0.711693
437,0.712074
437,0.712081
437,0.712545
437,0.712823
438,0.713803
438,0.713926
439,0.714437
439,0.715204
439,0.715495
440,0.716027
443,0.718708
443,0.718863
444,0.719093
444,0.719290
448,0.721823
448,0.722026
450,0.723464
451,0.724386
452,0.724841
456,0.728680
457,0.729403
457,0.729852
458,0.730842
459,0.731917
461,0.735056
461,0.735156
462,0.736060
462,0.736725
463,0.737809
464,0.740424
465,0.741557
465,0.742140
466,0.742996
466,0.743293
466,0.744022
467,0.744331
467,0.745014
468,0.746532
468,0.748237
469,0.748668
470,0.752744
471,0.753357
471,0.753861
471,0.754060
471,0.755294
472,0.756097
472,0.756160
472,0.756245
472,0.756613
474,0.760589
474,0.760864
474,0.761300
475,0.763161
475,0.763548
475,0.763708
475,0.763755
476,0.765837
476,0.765947
477,0.766723
478,0.768262
479,0.770169
479,0.770388
479,0.771077
480,0.772124
480,0.772373
480,0.772668
480,0.772922
480,0.773511
480,0.773570
481,0.773997
482,0.775864
482,0.776662
484,0.780482
484,0.780867
486,0.784664
486,0.784714
487,0.785052
487,0.785391
487,0.785570
487,0.786347
488,0.786896
488,0.787037
488,0.788473
489,0.788596
489,0.788808
490,0.790248
490,0.790733
490,0.791842
491,0.792341
492,0.793928
493,0.796130
494,0.798230
495,0.800716
496,0.801689
496,0.801891
497,0.803739
498,0.805781
499,0.806497
499,0.806758
499,0.806887
499,0.807584
500,0.808237
500,0.808608
500,0.808930
500,0.809263
502,0.812681
504,0.814889
505,0.817975
506,0.818701
506,0.818892
506,0.819268
506,0.819385
507,0.820409
507,0.821561
511,0.827891
512,0.829157
512,0.829833
512,0.830164
513,0.831873
513,0.832192
514,0.832415
514,0.832884
514,0.833766
515,0.834536
515,0.834786
515,0.834940
516,0.835785
516,0.835915
518,0.840506
519,0.842015
520,0.844159
520,0.844776
521,0.845766
521,0.846771
522,0.846917
523,0.849229
523,0.849947
524,0.850621
524,0.851321
525,0.852798
525,0.853291
526,0.854263
526,0.854902
526,0.855270
526,0.855336
528,0.857255
529,0.859447
529,0.859711
532,0.862595
532,0.862827
532,0.863329
535,0.866528
535,0.867268
538,0.870278
538,0.870662
539,0.871711
540,0.872898
540,0.873526
541,0.874128
541,0.874322
543,0.876208
543,0.876221
545,0.879452
548,0.882742
550,0.884877
552,0.887073
553,0.887877
553,0.887984
554,0.889067
556,0.890617
557,0.892292
557,0.892369
558,0.893855
559,0.895215
561,0.897869
562,0.898055
562,0.898161
562,0.898451
562,0.898883
564,0.900873
564,0.901046
566,0.903254
566,0.904289
567,0.905512
568,0.906245
568,0.906685
569,0.907579
570,0.908034
570,0.908782
571,0.909091
571,0.909589
572,0.910428
572,0.910870
572,0.911091
574,0.913628
575,0.914172
575,0.914255
576,0.914967
576,0.915695
576,0.915720
577,0.916393
577,0.916731
579,0.918190
579,0.918665
579,0.919110
580,0.919534
582,0.921393
584,0.923677
585,0.924516
585,0.924617
586,0.925260
587,0.926411
587,0.926565
589,0.928362
589,0.928556
591,0.929922
592,0.930546
593,0.931414
593,0.931764
596,0.933915
599,0.935492
600,0.936313
600,0.936425
600,0.936528
601,0.936835
602,0.937609
607,0.941162
613,0.944030
614,0.944552
614,0.944732
615,0.945268
621,0.947696
623,0.948595
624,0.949080
624,0.949255
625,0.949355
629,0.951067
633,0.952690
635,0.953386
639,0.955002
642,0.955853
651,0.958477
656,0.959482
678,0.963626
681,0.964146
684,0.964719
690,0.965787
692,0.966101
692,0.966131
694,0.966477
703,0.967491
708,0.968063
727,0.969845
730,0.970026
769,0.972036
771,0.972115
792,0.972970
798,0.973283
851,0.975605
866,0.976246
881,0.977086
904,0.977830
919,0.978211
989,0.979715
994,0.979815
1008,0.980068
1035,0.980498
1071,0.981029
1159,0.982285
1424,0.984684
1630,0.985659
2070,0.986621
2515,0.987197
3659,0.988387
5782,0.992911
5862,0.993213
6611,0.995391
7082,0.996105
8067,0.996879
12982,0.997386
2221249,0.998014
2236423,0.998232
2245999,0.998389
102638848,1.000000
