44856.104119
22366.104398
351,0.000000
364,0.002230
364,0.002630
364,0.005755
364,0.006177
364,0.006542
364,0.007606
364,0.008333
364,0.008883
364,0.009040
364,0.010284
364,0.011391
364,0.012646
364,0.014421
364,0.014836
364,0.018154
364,0.018211
364,0.018966
364,0.020668
364,0.021340
364,0.021593
364,0.022386
364,0.022512
364,0.022794
364,0.023034
364,0.023840
364,0.024224
364,0.026379
364,0.026537
365,0.027324
365,0.027494
365,0.029051
365,0.032149
365,0.032693
365,0.032961
365,0.033032
365,0.034924
365,0.035385
365,0.037258
365,0.037618
365,0.040147
365,0.040378
365,0.041892
365,0.044405
365,0.044508
365,0.046601
365,0.046903
365,0.048673
365,0.048687
365,0.049331
365,0.049691
365,0.049718
365,0.051201
365,0.053505
365,0.055311
365,0.055878
365,0.056377
365,0.057935
365,0.059312
365,0.060784
365,0.061084
365,0.061693
365,0.062088
365,0.062881
365,0.063855
365,0.064657
365,0.064958
365,0.066047
365,0.066538
365,0.069364
365,0.069480
365,0.070258
365,0.070597
365,0.072641
365,0.072679
365,0.077519
365,0.078114
365,0.079035
365,0.080479
365,0.082632
365,0.085319
365,0.086293
365,0.088249
365,0.088656
365,0.089831
365,0.090166
365,0.090449
365,0.094279
365,0.094516
365,0.095155
365,0.095184
365,0.097075
365,0.097679
365,0.099507
365,0.102246
365,0.102608
365,0.104140
365,0.105179
365,0.106216
365,0.106664
365,0.107162
365,0.107754
365,0.107913
365,0.108116
365,0.109059
365,0.110693
365,0.110929
365,0.116832
365,0.117606
365,0.119287
365,0.119755
365,0.120657
365,0.121404
365,0.123059
365,0.123867
365,0.124950
365,0.126597
365,0.127441
365,0.129304
365,0.129584
365,0.130085
365,0.130346
365,0.133060
365,0.133283
365,0.135272
365,0.136376
365,0.136523
365,0.136853
365,0.137416
365,0.137657
365,0.140364
365,0.141126
365,0.141245
365,0.141377
365,0.141486
365,0.142375
365,0.143066
365,0.143198
365,0.143954
365,0.146261
365,0.146656
365,0.147078
365,0.147992
365,0.148042
365,0.149117
365,0.150049
365,0.150237
365,0.151173
365,0.153079
365,0.153281
365,0.154764
365,0.155147
365,0.155232
365,0.155978
365,0.156514
365,0.157298
365,0.158506
365,0.159351
365,0.160258
365,0.160654
365,0.162248
365,0.163023
365,0.163348
365,0.164109
365,0.165818
365,0.166351
365,0.166518
365,0.167235
365,0.168263
365,0.169884
365,0.171245
365,0.171468
365,0.173347
365,0.175981
365,0.176479
365,0.176776
365,0.178636
365,0.179954
365,0.180152
365,0.181196
365,0.182577
365,0.182792
365,0.182895
365,0.183005
365,0.184785
365,0.186253
365,0.186533
365,0.186749
365,0.188970
365,0.189155
365,0.189441
365,0.189474
365,0.191220
366,0.193754
366,0.194239
366,0.194266
366,0.194386
366,0.194547
366,0.195011
366,0.195787
366,0.196821
366,0.197455
366,0.197492
366,0.197497
366,0.198766
366,0.199650
366,0.200127
366,0.200873
366,0.204668
366,0.204821
366,0.205351
366,0.205810
366,0.208521
366,0.208859
366,0.209519
366,0.209995
366,0.212093
366,0.212144
366,0.212419
366,0.214194
366,0.215955
366,0.216723
366,0.218086
366,0.218277
366,0.219920
366,0.221009
366,0.222962
366,0.223683
366,0.223712
366,0.224059
366,0.224828
366,0.225583
366,0.225589
366,0.225803
366,0.226882
366,0.227852
366,0.229531
366,0.230520
366,0.231693
366,0.233636
366,0.237179
366,0.238101
366,0.238316
366,0.238511
366,0.241319
366,0.241503
366,0.241813
366,0.242975
366,0.243511
366,0.244680
366,0.245110
366,0.245751
366,0.245943
366,0.246590
366,0.247369
366,0.248026
366,0.249601
366,0.250830
366,0.251090
366,0.251773
366,0.254505
366,0.256687
366,0.258765
366,0.259537
366,0.259682
366,0.260379
366,0.260642
366,0.260755
366,0.261252
366,0.262412
366,0.262802
366,0.264473
366,0.264615
366,0.265996
366,0.266653
366,0.266832
366,0.267554
366,0.269441
366,0.270945
366,0.273823
366,0.274133
366,0.274182
366,0.276420
366,0.276788
366,0.278921
366,0.280354
366,0.280816
366,0.281545
366,0.281713
366,0.282075
366,0.282344
366,0.285861
366,0.286413
366,0.286770
366,0.288803
366,0.289307
366,0.291309
366,0.291945
366,0.292305
366,0.292899
366,0.293776
366,0.294366
366,0.298047
366,0.298915
366,0.299781
366,0.303089
366,0.303283
366,0.303442
366,0.304399
366,0.304933
366,0.305024
366,0.306887
366,0.310241
366,0.310531
366,0.312176
366,0.313932
366,0.315469
366,0.316810
366,0.316852
366,0.317695
366,0.317782
366,0.318636
366,0.319533
366,0.320446
366,0.320680
366,0.325053
366,0.326282
366,0.328013
366,0.329828
366,0.331989
366,0.333036
366,0.333792
366,0.334484
366,0.334490
366,0.334589
366,0.334862
366,0.335188
366,0.337902
366,0.337915
366,0.338771
366,0.338895
366,0.339221
366,0.340053
366,0.343290
366,0.343917
366,0.346957
366,0.350348
366,0.350752
366,0.352698
366,0.353266
366,0.353864
366,0.354053
366,0.354571
366,0.356598
366,0.358142
366,0.358254
366,0.358470
366,0.358647
366,0.359832
366,0.361616
366,0.361757
366,0.362291
366,0.362346
366,0.362925
366,0.363360
366,0.364104
366,0.364714
366,0.365131
366,0.365291
366,0.366624
366,0.366789
366,0.366977
366,0.368818
366,0.369221
366,0.369566
367,0.372712
367,0.372863
367,0.375185
367,0.376376
367,0.376587
367,0.379133
367,0.382828
367,0.383713
367,0.384228
367,0.386731
367,0.387692
367,0.388890
367,0.388975
367,0.389191
367,0.390944
367,0.391487
367,0.391718
367,0.392032
367,0.392126
367,0.392643
367,0.392759
367,0.393890
367,0.394389
367,0.395320
367,0.395324
367,0.396062
367,0.398355
367,0.399139
367,0.399565
367,0.400753
367,0.401244
367,0.402086
367,0.403382
367,0.405451
367,0.406831
367,0.406969
367,0.407248
367,0.409869
367,0.410607
367,0.411892
367,0.413580
367,0.413585
367,0.414876
367,0.416639
367,0.420456
367,0.420658
367,0.421948
367,0.424491
367,0.425962
367,0.429193
367,0.430389
367,0.432899
368,0.436022
368,0.437852
368,0.439860
368,0.440093
368,0.440333
368,0.440583
368,0.440643
368,0.441059
368,0.441439
368,0.442464
370,0.445762
370,0.446458
370,0.447354
370,0.449882
370,0.450441
370,0.451370
370,0.451381
370,0.451754
370,0.454386
370,0.455197
370,0.456271
370,0.457438
370,0.458368
370,0.458529
370,0.458816
370,0.460537
370,0.462106
370,0.462946
370,0.463019
370,0.463243
370,0.463310
370,0.464043
370,0.465874
370,0.467532
370,0.467776
370,0.468588
370,0.469672
370,0.471229
370,0.472392
370,0.473799
370,0.473826
370,0.474302
370,0.474457
370,0.475596
370,0.476345
370,0.477928
370,0.479505
370,0.479975
370,0.480415
370,0.480582
370,0.482108
370,0.483882
370,0.484266
370,0.484813
370,0.486299
370,0.487282
370,0.488179
371,0.489345
371,0.489736
371,0.489873
371,0.490365
371,0.490781
371,0.493513
371,0.494932
371,0.496464
371,0.497789
371,0.498300
371,0.499941
371,0.500565
371,0.500751
371,0.504774
371,0.508223
371,0.509133
371,0.510229
371,0.512125
371,0.512969
371,0.513692
371,0.515399
371,0.515803
371,0.515912
371,0.516006
371,0.517037
371,0.519173
371,0.519571
371,0.519631
371,0.521624
371,0.521678
371,0.523220
371,0.523690
371,0.523700
371,0.524974
371,0.525234
371,0.525324
371,0.525629
371,0.526544
371,0.528402
371,0.529435
371,0.531530
371,0.532172
371,0.532202
371,0.533064
371,0.533359
371,0.534931
371,0.535442
371,0.537555
371,0.538345
371,0.538927
371,0.539197
371,0.540667
371,0.544578
371,0.544616
371,0.545546
371,0.545572
371,0.546041
371,0.546093
371,0.546174
371,0.546301
371,0.548365
371,0.549136
371,0.550560
371,0.552040
371,0.552206
372,0.553069
372,0.555135
372,0.555680
372,0.557140
372,0.557874
372,0.559681
372,0.559932
372,0.559946
372,0.560658
372,0.561218
372,0.561795
372,0.562068
372,0.566199
372,0.566867
372,0.567407
372,0.569106
372,0.569605
372,0.569722
372,0.570965
372,0.572066
372,0.574092
372,0.574592
372,0.575726
372,0.576186
372,0.576467
372,0.577090
372,0.577420
372,0.578899
372,0.579013
372,0.581746
372,0.583374
372,0.584813
372,0.586176
372,0.586800
372,0.587110
372,0.587150
372,0.587769
372,0.588077
372,0.588084
372,0.589443
372,0.589678
372,0.591398
372,0.593108
372,0.593742
372,0.593851
372,0.597783
372,0.597797
372,0.598012
372,0.599556
372,0.600598
372,0.602089
372,0.602271
372,0.603307
372,0.604802
372,0.606741
372,0.609511
372,0.613532
372,0.615865
372,0.617065
372,0.619616
372,0.619954
372,0.621837
372,0.622742
372,0.623395
372,0.625561
372,0.626473
372,0.627458
372,0.627620
372,0.627740
372,0.627859
372,0.627961
372,0.629204
372,0.630176
372,0.633192
372,0.633725
372,0.635579
372,0.637473
372,0.638247
372,0.639238
372,0.639289
372,0.642490
372,0.644087
372,0.645277
372,0.645672
373,0.646260
373,0.646572
373,0.647343
373,0.652427
373,0.652933
373,0.653704
373,0.657003
373,0.657707
373,0.658195
373,0.659086
373,0.660478
373,0.660972
373,0.662119
373,0.662702
373,0.664832
373,0.666640
373,0.667918
373,0.670388
373,0.672229
373,0.675423
373,0.676513
373,0.678069
373,0.678740
373,0.679320
373,0.680680
373,0.681726
373,0.684657
373,0.684854
374,0.686988
374,0.686993
374,0.687324
374,0.688896
374,0.690782
374,0.691749
374,0.693626
374,0.694420
374,0.694689
376,0.697872
376,0.698067
376,0.698791
376,0.699060
376,0.699244
376,0.699397
376,0.700407
376,0.701485
376,0.702037
376,0.702285
376,0.704225
377,0.704575
377,0.705003
377,0.707059
377,0.707203
377,0.707218
377,0.707647
377,0.708364
377,0.709014
377,0.709921
377,0.710586
377,0.712464
377,0.712907
377,0.713414
377,0.713768
377,0.715975
377,0.717885
377,0.718395
377,0.719623
377,0.720014
377,0.721244
377,0.722243
377,0.722881
378,0.724482
378,0.725827
378,0.725870
378,0.725897
378,0.726095
378,0.727840
378,0.728453
378,0.728663
378,0.729203
378,0.729495
378,0.733959
378,0.735868
378,0.737255
378,0.739255
378,0.740219
378,0.741391
378,0.744664
378,0.747563
378,0.747958
378,0.748002
378,0.751914
378,0.752129
378,0.752552
378,0.752597
379,0.755485
379,0.755791
379,0.755924
379,0.757194
379,0.758132
379,0.759987
379,0.760526
379,0.761135
379,0.761328
379,0.761928
379,0.762219
379,0.763760
379,0.763946
379,0.764027
379,0.764183
379,0.765451
379,0.765905
379,0.766258
379,0.767246
379,0.771448
379,0.771802
379,0.773356
379,0.773679
379,0.776680
379,0.776846
379,0.778114
379,0.778149
379,0.778222
380,0.778580
380,0.779520
381,0.780820
381,0.781123
381,0.781674
385,0.782543
386,0.782614
393,0.783280
393,0.783390
408,0.784584
414,0.785150
417,0.787307
418,0.787602
418,0.787615
419,0.788420
420,0.789721
421,0.790251
423,0.791554
423,0.791636
423,0.791757
423,0.792302
424,0.792660
425,0.793232
425,0.793450
425,0.793728
425,0.793924
426,0.794262
426,0.794574
426,0.794943
426,0.795279
426,0.795283
427,0.795347
427,0.795508
427,0.795669
427,0.795783
428,0.796350
430,0.797707
439,0.799576
451,0.804427
453,0.805136
453,0.805677
455,0.806854
457,0.807945
458,0.808333
458,0.808875
458,0.808894
460,0.810459
461,0.810995
462,0.813027
463,0.814183
464,0.814798
464,0.815139
464,0.815297
465,0.815776
465,0.816202
466,0.817201
466,0.818325
467,0.819877
468,0.820333
468,0.821431
469,0.822450
470,0.823301
470,0.823981
470,0.824096
470,0.824602
471,0.826252
472,0.827119
472,0.827325
472,0.827801
472,0.828334
473,0.829199
473,0.830295
474,0.830979
475,0.832813
476,0.834067
476,0.834500
477,0.836453
478,0.837670
479,0.839332
480,0.841318
480,0.841476
481,0.842764
481,0.842828
482,0.844918
483,0.846036
483,0.846454
483,0.847166
484,0.849237
485,0.850258
486,0.851442
486,0.851701
486,0.852453
487,0.854027
487,0.854121
488,0.855618
490,0.857803
490,0.857955
490,0.858105
491,0.859759
491,0.859867
492,0.860607
493,0.861893
494,0.863234
495,0.865797
495,0.865919
495,0.865937
496,0.866896
497,0.869053
498,0.870674
499,0.871341
500,0.873413
500,0.873452
501,0.874386
504,0.879461
506,0.881204
506,0.881488
506,0.882392
509,0.885612
509,0.886274
510,0.887342
511,0.888766
511,0.888789
511,0.888799
512,0.889778
512,0.889911
512,0.890292
512,0.890986
513,0.891628
513,0.891670
513,0.891817
515,0.894029
515,0.894107
515,0.894666
516,0.895201
516,0.895719
517,0.896505
517,0.897241
517,0.897591
518,0.897917
520,0.901589
520,0.901967
521,0.903375
522,0.904716
523,0.905094
523,0.905167
523,0.905352
523,0.905610
524,0.906404
524,0.906613
524,0.906893
524,0.906949
527,0.910753
529,0.912117
529,0.912710
529,0.912920
530,0.913542
530,0.913814
530,0.913873
534,0.917082
534,0.917244
535,0.918411
536,0.918825
538,0.921001
538,0.921193
539,0.921530
540,0.922620
540,0.922751
541,0.923740
541,0.923777
542,0.924722
543,0.925442
544,0.925669
544,0.926121
544,0.926281
546,0.927303
546,0.927736
547,0.928079
549,0.929584
549,0.929695
549,0.929732
549,0.930217
550,0.930861
550,0.930903
550,0.930913
550,0.931003
552,0.932464
554,0.933578
556,0.935031
556,0.935479
556,0.935583
558,0.936509
558,0.936595
560,0.939073
561,0.939660
562,0.940926
563,0.941411
563,0.941573
569,0.945918
570,0.947219
572,0.948219
574,0.949708
575,0.950377
577,0.952467
581,0.955218
588,0.959407
588,0.959674
591,0.961663
592,0.962293
593,0.962411
594,0.963221
595,0.963510
596,0.963974
597,0.964567
599,0.965626
601,0.966737
603,0.967859
604,0.968384
605,0.968719
615,0.972016
617,0.972690
617,0.972808
619,0.973275
621,0.973978
631,0.976851
633,0.977168
635,0.977759
636,0.977977
641,0.979194
642,0.979376
645,0.980030
653,0.981204
656,0.981732
669,0.983472
683,0.985036
689,0.985647
768,0.989883
771,0.989946
793,0.990411
927,0.992805
990,0.993236
1052,0.993603
1336,0.994536
1513,0.994878
2794,0.996008
3742,0.996421
5912,0.997370
140161932,0.999999
