47207.788876
21251.562624
339,0.000000
355,0.000485
363,0.000809
364,0.002761
364,0.002876
364,0.003687
364,0.004520
364,0.004778
364,0.005464
364,0.005697
364,0.006552
364,0.007660
364,0.007913
364,0.009269
364,0.013549
364,0.013604
364,0.016153
364,0.016972
364,0.019669
364,0.019827
364,0.021011
364,0.021027
364,0.022173
364,0.022632
364,0.022701
364,0.023001
364,0.023546
364,0.025044
364,0.025886
364,0.026146
364,0.026462
364,0.026948
364,0.027302
364,0.027834
364,0.028184
364,0.029180
364,0.030248
364,0.030504
364,0.030787
364,0.030810
364,0.031224
364,0.031484
364,0.032466
364,0.032547
364,0.033119
364,0.034359
364,0.034415
364,0.035503
364,0.036339
364,0.037762
364,0.037989
364,0.039797
364,0.040795
364,0.041722
364,0.041978
364,0.042755
364,0.042902
364,0.044058
364,0.044073
364,0.044134
365,0.045979
365,0.046811
365,0.049061
365,0.049173
365,0.050163
365,0.050245
365,0.050973
365,0.051781
365,0.052337
365,0.052670
365,0.052682
365,0.053103
365,0.053216
365,0.055341
365,0.055893
365,0.056033
365,0.056268
365,0.056810
365,0.058058
365,0.058716
365,0.059355
365,0.060596
365,0.060601
365,0.060694
365,0.061129
365,0.063941
365,0.065732
365,0.065816
365,0.067273
365,0.067380
365,0.069259
365,0.070971
365,0.071443
365,0.071589
365,0.072678
365,0.073074
365,0.073331
365,0.074279
365,0.075533
365,0.077005
365,0.078909
365,0.079863
365,0.081037
365,0.081401
365,0.081577
365,0.084910
365,0.084992
365,0.088007
365,0.088276
365,0.090123
365,0.090657
365,0.091065
365,0.092576
365,0.092725
365,0.092986
365,0.093061
365,0.095813
365,0.096603
365,0.098052
365,0.101199
365,0.101785
365,0.102064
365,0.104668
365,0.104696
365,0.105355
365,0.105771
365,0.106208
365,0.108698
365,0.108919
365,0.109453
365,0.109656
365,0.110039
365,0.112233
365,0.113999
365,0.114868
365,0.117150
365,0.117187
365,0.117590
365,0.119121
365,0.121362
365,0.122591
365,0.123276
365,0.123679
365,0.123739
365,0.125006
365,0.125708
365,0.127885
365,0.129709
365,0.131820
365,0.132037
365,0.132438
365,0.132683
365,0.135589
365,0.138139
365,0.138868
365,0.140147
365,0.140522
365,0.140723
365,0.141929
365,0.145017
365,0.145121
365,0.146140
365,0.146950
365,0.149415
365,0.149701
365,0.151102
365,0.154396
365,0.156115
365,0.156990
365,0.158274
365,0.159963
365,0.160586
365,0.160776
365,0.160929
365,0.160958
365,0.160977
365,0.164294
365,0.165703
365,0.165887
365,0.169885
365,0.172762
365,0.176349
365,0.177444
365,0.178386
365,0.179294
365,0.182599
365,0.183240
365,0.183335
365,0.184161
365,0.185492
365,0.185693
365,0.186615
365,0.186913
365,0.188840
365,0.189033
365,0.189253
365,0.189489
365,0.189844
365,0.190542
365,0.192681
365,0.192813
365,0.193067
365,0.194611
365,0.195025
365,0.196407
365,0.197572
365,0.198708
365,0.199261
365,0.199404
366,0.200762
366,0.201883
366,0.205653
366,0.206008
366,0.207593
366,0.207623
366,0.209718
366,0.209781
366,0.210618
366,0.210800
366,0.214482
366,0.215191
366,0.216625
366,0.217020
366,0.218149
366,0.218704
366,0.219516
366,0.220358
366,0.221536
366,0.221902
366,0.222818
366,0.223350
366,0.223748
366,0.224314
366,0.224526
366,0.224703
366,0.225470
366,0.227149
366,0.227582
366,0.228094
366,0.228337
366,0.229227
366,0.231039
366,0.231677
366,0.232042
366,0.233358
366,0.234897
366,0.238744
366,0.239213
366,0.239692
366,0.240805
366,0.241748
366,0.242049
366,0.244995
366,0.246254
366,0.247914
366,0.249927
366,0.250070
366,0.250299
366,0.251980
366,0.257172
366,0.257899
366,0.258056
366,0.259873
366,0.261698
366,0.266389
366,0.267101
366,0.268524
366,0.268743
366,0.269858
366,0.270347
366,0.270961
366,0.271242
366,0.272556
366,0.273830
366,0.274735
366,0.275061
366,0.275202
366,0.275243
366,0.280253
366,0.282477
366,0.283336
366,0.283532
366,0.284036
366,0.284176
366,0.284420
366,0.285463
366,0.286906
366,0.287364
366,0.287925
366,0.288079
366,0.289376
366,0.289460
366,0.290162
366,0.291002
366,0.291067
366,0.291419
366,0.291936
366,0.293500
366,0.293777
366,0.294075
366,0.297005
366,0.297079
366,0.297832
366,0.298985
366,0.299003
366,0.299050
366,0.299691
366,0.300322
366,0.300362
366,0.301584
366,0.301645
366,0.303753
366,0.304187
366,0.304324
366,0.308633
366,0.310027
366,0.310422
366,0.310943
366,0.312963
366,0.315258
366,0.317812
366,0.318307
366,0.318695
366,0.318869
366,0.318995
366,0.319652
366,0.319765
366,0.320041
366,0.320470
366,0.321172
366,0.321771
366,0.322261
366,0.322884
366,0.323624
366,0.326112
366,0.327890
366,0.328323
366,0.329199
366,0.329846
366,0.331459
366,0.332573
366,0.333418
366,0.334381
366,0.334508
366,0.335040
366,0.337069
366,0.338039
366,0.338255
366,0.338493
366,0.339725
366,0.340441
366,0.341004
366,0.341987
366,0.342033
366,0.345428
366,0.345660
366,0.346416
366,0.347325
366,0.349702
366,0.350474
366,0.352596
366,0.352702
366,0.353679
366,0.353744
366,0.354375
366,0.355194
366,0.355650
366,0.355826
366,0.356216
366,0.357137
366,0.359967
366,0.363065
366,0.364255
366,0.364972
366,0.365853
367,0.365928
367,0.369466
367,0.369957
367,0.371911
367,0.372046
367,0.372566
367,0.373706
367,0.374586
367,0.376650
367,0.379370
367,0.380588
367,0.381008
367,0.382931
367,0.383545
367,0.385814
367,0.385833
367,0.386586
367,0.386941
367,0.389652
367,0.391627
367,0.393429
367,0.393821
367,0.396352
367,0.396894
367,0.398581
367,0.398600
367,0.399226
367,0.399251
367,0.400090
367,0.402332
367,0.403772
367,0.405475
367,0.406437
367,0.407781
367,0.408199
367,0.408531
367,0.408567
367,0.409946
367,0.411424
367,0.413512
367,0.414587
367,0.415268
367,0.415785
367,0.416477
367,0.416769
367,0.417731
367,0.418715
367,0.419455
367,0.419565
367,0.420583
367,0.420805
367,0.421547
367,0.421763
367,0.424051
367,0.424158
367,0.424794
367,0.425348
367,0.425437
367,0.426455
367,0.429814
367,0.431087
367,0.433704
367,0.436539
368,0.437758
368,0.438226
368,0.438884
368,0.440006
368,0.440713
368,0.441142
368,0.441159
368,0.441379
368,0.441420
368,0.441495
368,0.441699
368,0.441972
368,0.442599
368,0.442673
368,0.444801
368,0.445154
368,0.445958
368,0.446113
368,0.446777
368,0.446794
369,0.448521
369,0.449017
369,0.449110
369,0.449152
370,0.451686
370,0.451895
370,0.452894
370,0.453398
370,0.453734
370,0.454219
370,0.456680
370,0.456990
370,0.458298
370,0.458670
370,0.459361
370,0.459570
370,0.460561
370,0.461951
370,0.462118
370,0.463765
370,0.465953
370,0.466117
370,0.468406
370,0.472714
370,0.475471
370,0.476493
370,0.476803
370,0.478598
370,0.479374
370,0.479502
370,0.479603
370,0.479661
370,0.480503
370,0.481195
370,0.482856
370,0.483005
370,0.483841
370,0.483933
370,0.484485
370,0.486665
370,0.486790
370,0.488288
370,0.489031
370,0.489719
370,0.491713
370,0.494513
370,0.495442
370,0.496275
370,0.496328
370,0.496532
370,0.499130
370,0.499422
370,0.500093
370,0.503386
371,0.506412
371,0.509064
371,0.513856
371,0.515682
371,0.518329
371,0.521863
371,0.522440
371,0.522521
371,0.523927
371,0.525490
371,0.527294
371,0.528599
371,0.528804
371,0.530068
371,0.530920
371,0.531393
371,0.532695
371,0.533227
371,0.533544
371,0.534334
371,0.534357
371,0.534402
371,0.534994
371,0.535554
371,0.536928
371,0.536952
371,0.537277
371,0.537277
371,0.538976
371,0.539857
371,0.540354
371,0.540532
371,0.541126
371,0.541684
371,0.542295
371,0.543405
371,0.543970
371,0.544242
372,0.544371
372,0.544844
372,0.545223
372,0.545505
372,0.545960
372,0.546536
372,0.546687
372,0.546693
372,0.546896
372,0.548325
372,0.551759
372,0.552165
372,0.552195
372,0.553316
372,0.553722
372,0.556389
372,0.557482
372,0.557627
372,0.558243
372,0.558879
372,0.560538
372,0.560928
372,0.562760
372,0.562932
372,0.563706
372,0.564171
372,0.564290
372,0.567338
372,0.567428
372,0.570375
372,0.572025
372,0.572444
372,0.572568
372,0.574475
372,0.577644
372,0.577919
372,0.580232
372,0.580403
372,0.580554
372,0.581583
372,0.583026
372,0.583464
372,0.584240
372,0.584981
372,0.585182
372,0.585919
372,0.586506
372,0.587181
372,0.589618
372,0.590834
372,0.591663
372,0.591949
372,0.592280
372,0.593424
372,0.594674
372,0.594720
372,0.595524
372,0.595898
372,0.597605
372,0.601599
372,0.602356
372,0.602541
372,0.603074
372,0.605999
372,0.606128
372,0.606579
372,0.607045
372,0.607935
372,0.608091
372,0.608852
372,0.609492
372,0.609636
372,0.609651
372,0.610553
372,0.611820
372,0.612765
372,0.612920
372,0.613618
372,0.613997
372,0.614039
372,0.614474
372,0.614822
372,0.615918
372,0.617478
372,0.619572
372,0.620072
372,0.620107
372,0.622302
372,0.622718
372,0.623196
373,0.623493
373,0.624672
373,0.626173
373,0.627753
373,0.628229
373,0.629030
373,0.631588
373,0.632403
373,0.633133
373,0.633641
373,0.633806
373,0.634452
373,0.635606
373,0.636254
373,0.636620
373,0.637304
373,0.637539
373,0.638179
373,0.639507
373,0.639988
373,0.639994
373,0.641634
373,0.644166
373,0.645504
373,0.646108
373,0.647090
373,0.647318
373,0.648256
373,0.648402
373,0.649081
373,0.649265
373,0.649891
373,0.650844
373,0.653977
373,0.655620
373,0.659466
373,0.659617
373,0.661010
373,0.661651
373,0.664190
373,0.664801
373,0.666823
373,0.669647
373,0.670744
373,0.671549
373,0.672563
373,0.673936
373,0.674696
373,0.675196
374,0.676822
374,0.677093
374,0.677112
374,0.677348
374,0.677493
374,0.678212
374,0.678715
374,0.679426
374,0.681268
374,0.681403
374,0.682951
374,0.683209
374,0.684093
374,0.686237
374,0.687761
374,0.691690
374,0.692292
374,0.692633
374,0.695312
374,0.695928
374,0.696433
374,0.696570
374,0.696749
374,0.696772
374,0.697494
374,0.697697
374,0.697919
374,0.698075
374,0.698252
375,0.699411
375,0.701591
376,0.702742
376,0.704376
376,0.706097
376,0.708823
376,0.709102
377,0.717771
377,0.718518
377,0.718723
377,0.718824
377,0.721476
377,0.722863
377,0.722937
377,0.724959
377,0.725139
377,0.725324
377,0.725386
377,0.725592
377,0.725645
377,0.726733
377,0.727251
377,0.727507
377,0.727674
378,0.728961
378,0.729326
378,0.729594
378,0.729881
378,0.730455
378,0.731600
378,0.731711
378,0.732317
378,0.732595
378,0.733838
378,0.735544
378,0.737847
378,0.737906
378,0.740326
378,0.740369
378,0.740618
378,0.741104
378,0.741734
378,0.742068
379,0.749023
379,0.749392
379,0.750140
379,0.751753
379,0.751818
379,0.753067
379,0.755015
379,0.756987
379,0.757165
379,0.757626
379,0.758061
379,0.759480
379,0.761862
379,0.762813
379,0.764680
379,0.764910
379,0.766571
379,0.767308
379,0.767790
380,0.769664
380,0.770343
380,0.771306
380,0.773627
380,0.775986
380,0.776418
380,0.777396
380,0.779311
380,0.780681
380,0.781162
380,0.781251
381,0.783299
381,0.783606
381,0.783765
381,0.783876
381,0.784627
381,0.784813
381,0.785271
381,0.785624
389,0.788008
391,0.788158
393,0.788374
401,0.788929
406,0.789220
415,0.790128
416,0.791292
417,0.792080
421,0.795731
421,0.796061
422,0.797487
424,0.798704
424,0.799045
425,0.800038
425,0.800518
427,0.802618
427,0.802639
427,0.802865
428,0.803202
428,0.803591
430,0.805116
430,0.805196
431,0.805616
446,0.809605
448,0.810558
451,0.811665
451,0.811970
454,0.813712
456,0.814407
461,0.818427
461,0.818688
461,0.818742
462,0.819931
463,0.820366
464,0.821413
464,0.822051
465,0.822430
465,0.823313
465,0.823412
466,0.824508
467,0.825445
467,0.825547
467,0.825695
468,0.827242
469,0.827763
469,0.828622
470,0.829229
470,0.829744
470,0.829969
471,0.830674
473,0.834898
473,0.834996
474,0.836796
475,0.837283
476,0.839584
476,0.839759
477,0.840700
477,0.841102
478,0.842273
479,0.843287
479,0.843858
479,0.844186
481,0.847241
482,0.848745
484,0.853324
485,0.853674
485,0.854866
487,0.856798
488,0.858326
488,0.858883
488,0.859044
488,0.859199
489,0.860241
489,0.860596
489,0.860846
490,0.861701
490,0.862031
491,0.863087
491,0.863352
492,0.864465
492,0.864686
493,0.865550
494,0.866708
494,0.867339
496,0.870010
496,0.870068
496,0.870129
498,0.873126
499,0.874060
499,0.874877
502,0.879220
503,0.879655
503,0.880421
504,0.881030
504,0.881193
504,0.881197
504,0.881262
504,0.881633
505,0.882374
505,0.882740
507,0.885984
511,0.890879
512,0.892108
512,0.892161
513,0.894219
514,0.894758
514,0.895074
515,0.895691
515,0.896165
517,0.899007
517,0.899510
519,0.901188
520,0.902547
522,0.906557
523,0.907688
524,0.908416
524,0.908812
527,0.912010
528,0.913009
528,0.913643
529,0.913718
529,0.914109
530,0.915566
533,0.917747
534,0.919370
535,0.919712
535,0.919968
536,0.920836
537,0.922121
538,0.922611
544,0.927271
544,0.928015
545,0.928108
546,0.929068
546,0.929499
548,0.930541
548,0.930756
549,0.931850
550,0.932359
554,0.935649
555,0.936414
556,0.937135
559,0.938954
559,0.939382
560,0.940131
560,0.940633
561,0.941557
562,0.942021
562,0.942186
563,0.942967
565,0.944433
565,0.944654
566,0.945087
567,0.946413
568,0.946805
572,0.949766
572,0.949903
573,0.950822
574,0.951748
575,0.952327
576,0.952769
576,0.953056
577,0.953859
586,0.959740
588,0.960797
590,0.961908
591,0.962426
592,0.963201
592,0.963421
595,0.964779
595,0.964951
599,0.966900
600,0.967273
602,0.968406
604,0.969074
606,0.969952
610,0.971319
615,0.973148
616,0.973270
617,0.973624
621,0.974805
622,0.975101
625,0.976148
636,0.978915
640,0.979688
642,0.980148
663,0.983392
668,0.983988
675,0.984739
684,0.985721
689,0.986237
703,0.987326
711,0.987801
744,0.989462
836,0.991867
850,0.992075
1079,0.994248
1231,0.994845
1734,0.995781
4075,0.996933
6994,0.998297
7829,0.998544
138216721,0.999999
