5290.707901
188733.219316
349,0.000000
350,0.000057
350,0.000617
350,0.000649
350,0.000705
350,0.001020
350,0.002884
350,0.003237
350,0.003760
350,0.004648
350,0.006865
350,0.008175
350,0.008754
350,0.009258
350,0.009913
350,0.010536
350,0.010549
350,0.010656
350,0.011966
350,0.013068
350,0.014221
350,0.014309
350,0.014907
350,0.017136
350,0.017370
350,0.017634
350,0.017659
350,0.018629
350,0.019662
350,0.022546
350,0.022805
350,0.023182
350,0.023208
350,0.024889
350,0.026010
350,0.027062
350,0.029272
350,0.029713
350,0.030941
350,0.032610
350,0.032793
350,0.033769
350,0.034355
350,0.034582
350,0.035054
350,0.035476
350,0.035860
350,0.035885
350,0.036710
351,0.037586
351,0.038121
351,0.038770
351,0.038902
351,0.039513
351,0.040319
351,0.040986
351,0.041736
351,0.043424
351,0.043669
351,0.043858
351,0.044557
351,0.045269
351,0.046050
351,0.046913
351,0.047965
351,0.048727
351,0.048972
351,0.050068
351,0.051548
351,0.051674
351,0.052058
351,0.053393
351,0.053664
351,0.054376
351,0.057663
351,0.058186
351,0.059458
351,0.060157
351,0.060749
351,0.061140
351,0.061171
351,0.062620
351,0.062689
351,0.063646
351,0.064144
351,0.064175
351,0.066694
351,0.069390
351,0.070769
351,0.071890
351,0.072186
351,0.072394
351,0.072595
352,0.075077
352,0.075259
352,0.077004
352,0.077124
352,0.077539
352,0.078459
352,0.079246
352,0.080153
352,0.082099
352,0.082313
352,0.082596
352,0.083182
352,0.084209
352,0.084278
352,0.085059
352,0.086029
352,0.088466
352,0.089134
352,0.089474
352,0.091451
352,0.092749
352,0.093800
352,0.095432
352,0.096320
353,0.097913
353,0.098681
353,0.099746
353,0.102372
353,0.102643
353,0.103172
353,0.104286
353,0.106132
353,0.106994
353,0.107989
353,0.108840
353,0.109048
353,0.109249
353,0.110729
353,0.110912
353,0.111252
353,0.111516
353,0.111850
353,0.111913
353,0.112662
353,0.114401
353,0.116945
353,0.117002
353,0.120573
353,0.125964
353,0.128401
353,0.129364
353,0.129686
353,0.131644
353,0.131663
353,0.131751
353,0.134623
353,0.136424
353,0.137400
353,0.137596
353,0.139114
353,0.139158
353,0.139340
353,0.139466
353,0.139598
354,0.140241
354,0.140965
354,0.143302
354,0.144038
354,0.145978
354,0.147710
354,0.148145
354,0.148334
354,0.149171
354,0.151243
354,0.152182
354,0.152604
354,0.152906
354,0.153737
354,0.153989
354,0.154178
354,0.154254
354,0.156011
354,0.158278
354,0.162485
354,0.162951
354,0.166553
354,0.167114
354,0.167492
354,0.167662
354,0.167863
354,0.167888
354,0.168770
354,0.169507
354,0.170105
354,0.170244
354,0.170830
354,0.172448
354,0.172694
354,0.172700
354,0.178318
354,0.179961
354,0.182046
354,0.182052
354,0.182115
354,0.182808
354,0.183746
354,0.183765
354,0.183809
354,0.184257
354,0.184691
354,0.185459
354,0.187084
354,0.188590
354,0.189717
354,0.193218
354,0.195599
354,0.197904
354,0.198024
354,0.198257
354,0.198748
355,0.200845
355,0.201393
355,0.201626
355,0.202697
355,0.205512
355,0.207231
355,0.207653
355,0.209744
355,0.210191
355,0.210267
355,0.210695
355,0.210890
355,0.213611
356,0.215425
356,0.215922
356,0.218700
356,0.219336
356,0.219512
356,0.220841
357,0.222126
357,0.223851
357,0.225867
357,0.226415
357,0.227372
357,0.228052
358,0.230155
358,0.230200
358,0.230244
358,0.230987
358,0.231239
358,0.232202
358,0.232492
358,0.233040
358,0.234406
358,0.235609
358,0.241523
358,0.246801
358,0.247109
359,0.252821
359,0.253609
359,0.254175
359,0.255309
359,0.258376
359,0.258527
359,0.261575
359,0.262218
359,0.263037
359,0.263377
359,0.263660
359,0.263887
359,0.265064
359,0.265908
359,0.266003
359,0.267999
359,0.268377
359,0.269045
359,0.269725
359,0.270134
359,0.270159
359,0.270978
359,0.272294
359,0.273151
359,0.276766
359,0.278359
359,0.278932
359,0.279455
359,0.279537
359,0.281074
359,0.281634
359,0.282390
359,0.283045
359,0.283083
359,0.283454
359,0.285161
359,0.285451
359,0.285463
359,0.286528
359,0.286786
359,0.287006
360,0.288329
360,0.289122
360,0.289166
360,0.289765
360,0.290029
360,0.291704
360,0.295042
360,0.295603
360,0.295767
360,0.298563
360,0.298960
360,0.299640
360,0.301384
360,0.301624
360,0.302379
360,0.302669
360,0.303740
360,0.304262
360,0.304533
360,0.306750
360,0.308249
360,0.308784
360,0.313438
360,0.313772
361,0.314421
361,0.315095
361,0.315756
361,0.316083
361,0.316625
361,0.317456
361,0.318036
361,0.318080
362,0.318685
362,0.319447
362,0.320549
363,0.321153
363,0.321178
363,0.324101
363,0.325776
363,0.326878
363,0.327898
363,0.329460
363,0.330291
363,0.330984
363,0.332049
363,0.332420
363,0.334240
363,0.334807
363,0.335223
363,0.336722
363,0.337402
363,0.339203
363,0.342220
363,0.345463
363,0.345759
363,0.345784
363,0.345853
363,0.346345
363,0.347151
363,0.348026
363,0.349903
363,0.350067
363,0.351068
363,0.351685
363,0.353291
363,0.354853
363,0.356377
363,0.356459
363,0.357845
363,0.358015
363,0.358726
363,0.359469
363,0.359640
363,0.360496
363,0.360748
363,0.361800
363,0.363336
363,0.363960
363,0.369559
363,0.370793
363,0.372777
363,0.374414
363,0.375441
363,0.376127
363,0.378653
363,0.378672
363,0.379868
363,0.379975
363,0.380649
363,0.382375
363,0.382551
363,0.383609
363,0.383993
363,0.384352
363,0.387942
363,0.388112
363,0.388163
363,0.391173
363,0.391626
363,0.392395
363,0.394259
363,0.395260
363,0.397017
363,0.397213
363,0.397383
363,0.397414
363,0.397464
363,0.397742
363,0.397975
363,0.398441
363,0.400683
363,0.401130
363,0.401653
363,0.403353
363,0.403851
363,0.409714
363,0.410873
363,0.411622
363,0.412485
363,0.413348
363,0.415281
363,0.417145
363,0.417259
363,0.418147
363,0.418361
363,0.418871
363,0.420263
363,0.420918
364,0.423689
364,0.423701
364,0.426649
364,0.427852
364,0.427915
364,0.428456
364,0.428620
364,0.431397
364,0.431901
364,0.432285
364,0.433482
364,0.434168
364,0.434647
364,0.437154
364,0.438218
364,0.439144
364,0.439931
364,0.441455
364,0.441726
364,0.442803
364,0.443023
364,0.443892
364,0.446311
364,0.446859
364,0.447054
364,0.448647
364,0.450159
364,0.450404
364,0.450669
364,0.450751
364,0.450914
364,0.451506
364,0.452659
364,0.453547
364,0.454334
364,0.454932
364,0.456072
364,0.457193
364,0.457704
364,0.458063
364,0.459813
364,0.461281
364,0.462314
364,0.463157
364,0.463699
364,0.463743
364,0.464568
364,0.465085
364,0.466187
364,0.466395
364,0.466716
364,0.467024
364,0.467163
364,0.470513
364,0.470545
364,0.470772
364,0.470879
364,0.471515
364,0.474443
364,0.475350
364,0.476874
364,0.477718
364,0.478549
364,0.479167
364,0.481195
364,0.481780
364,0.482454
364,0.482479
364,0.482505
364,0.484438
364,0.485156
364,0.487203
364,0.488658
364,0.488802
364,0.491466
364,0.492631
364,0.493633
364,0.494307
364,0.495346
364,0.496228
364,0.496486
364,0.496530
364,0.497374
364,0.499018
364,0.499238
364,0.503061
364,0.503143
364,0.503357
364,0.503917
364,0.505284
364,0.505832
364,0.505933
364,0.507809
364,0.508364
364,0.509019
364,0.509031
364,0.510335
364,0.511254
364,0.511815
364,0.512791
364,0.513307
364,0.513818
364,0.515499
364,0.516135
364,0.518616
364,0.518975
364,0.519007
364,0.519649
364,0.522213
364,0.522332
364,0.525708
364,0.525714
364,0.526149
364,0.526854
364,0.527994
364,0.529291
364,0.531055
364,0.532371
364,0.532717
364,0.534191
364,0.534726
364,0.535684
364,0.536899
364,0.537031
364,0.538297
364,0.538839
364,0.538940
364,0.540697
364,0.543027
364,0.543134
364,0.544368
364,0.546699
365,0.547505
365,0.548223
365,0.548386
365,0.550295
365,0.550849
365,0.553280
365,0.556662
365,0.557588
365,0.559275
365,0.561933
365,0.563123
365,0.564024
365,0.564729
365,0.567223
365,0.567797
365,0.568936
365,0.569717
365,0.572356
365,0.573849
365,0.574428
365,0.575071
365,0.575146
365,0.576135
365,0.576267
365,0.577048
365,0.577495
365,0.578698
365,0.579107
365,0.579422
365,0.579775
365,0.579989
365,0.580676
365,0.581236
365,0.583957
365,0.584165
365,0.584265
365,0.584454
365,0.585235
365,0.586148
365,0.586325
365,0.590053
365,0.592931
365,0.593460
365,0.593580
365,0.593693
365,0.597510
365,0.599072
365,0.600734
365,0.605048
365,0.607914
365,0.608884
365,0.609709
365,0.611245
365,0.612770
365,0.613443
365,0.614438
365,0.615119
365,0.615427
365,0.615484
365,0.615963
366,0.616284
366,0.616315
366,0.617537
366,0.617972
366,0.618507
366,0.618910
366,0.620100
366,0.621209
366,0.622827
366,0.623199
366,0.623892
366,0.625907
366,0.627803
366,0.628143
366,0.628999
366,0.630114
367,0.632709
367,0.633200
367,0.633225
367,0.633653
367,0.634428
367,0.635133
367,0.635165
368,0.637797
368,0.639126
368,0.640033
368,0.640197
368,0.640650
368,0.640890
368,0.643585
368,0.644278
368,0.644637
368,0.645626
368,0.646117
368,0.648976
368,0.649322
368,0.650891
369,0.653561
369,0.654266
369,0.658341
369,0.659934
369,0.660022
369,0.660205
369,0.661452
369,0.662113
369,0.663184
369,0.664280
369,0.664544
369,0.667095
369,0.670156
369,0.671050
369,0.672536
369,0.674174
369,0.675503
369,0.675742
369,0.675880
369,0.677518
369,0.677934
369,0.678620
369,0.678834
369,0.678998
369,0.680843
369,0.681989
369,0.681996
369,0.684257
369,0.685069
369,0.687462
369,0.687865
369,0.688760
369,0.689761
369,0.690252
369,0.690271
369,0.690315
369,0.690901
369,0.692513
369,0.692759
369,0.692935
369,0.694239
369,0.695190
369,0.695353
369,0.696153
369,0.696707
369,0.697507
369,0.700726
369,0.703919
369,0.705058
369,0.705228
369,0.705430
369,0.706324
369,0.707508
369,0.707527
369,0.707804
369,0.708982
369,0.710563
369,0.710670
369,0.710947
369,0.711602
369,0.712521
369,0.714083
369,0.714348
369,0.715267
369,0.715702
369,0.716640
369,0.718542
369,0.718914
369,0.719443
369,0.719802
369,0.720853
370,0.722239
370,0.722289
370,0.726037
370,0.726427
370,0.730130
370,0.731453
370,0.733216
370,0.734180
370,0.735156
370,0.735685
370,0.735861
370,0.736296
370,0.736384
370,0.737385
370,0.738821
370,0.739564
370,0.740144
370,0.740755
370,0.741038
370,0.741907
370,0.741951
370,0.742090
370,0.743696
370,0.743992
370,0.744943
370,0.745673
370,0.745843
370,0.746083
370,0.746322
370,0.746354
370,0.746952
370,0.747733
370,0.748035
370,0.750674
370,0.751272
370,0.752034
370,0.752878
370,0.754270
370,0.754434
370,0.756096
370,0.756191
370,0.756909
370,0.756997
370,0.759604
370,0.759951
370,0.761084
370,0.762042
370,0.762130
370,0.763868
370,0.763950
370,0.764000
370,0.764296
370,0.765631
370,0.765650
370,0.765990
370,0.766248
370,0.766356
371,0.767854
371,0.768327
371,0.768358
371,0.768742
371,0.769026
371,0.770903
371,0.771438
371,0.772899
371,0.773170
371,0.775532
371,0.776035
371,0.777100
371,0.779776
371,0.780557
371,0.782654
371,0.785432
371,0.787195
371,0.787258
371,0.787705
371,0.790199
372,0.791900
372,0.792221
372,0.792278
372,0.793833
372,0.794305
372,0.794866
372,0.796100
372,0.796390
372,0.796862
373,0.797316
373,0.797719
373,0.798368
374,0.798771
375,0.802247
375,0.802776
375,0.803041
375,0.803721
375,0.805723
375,0.806542
375,0.808847
375,0.809087
375,0.809131
375,0.811839
376,0.815769
376,0.818691
376,0.819094
376,0.820511
376,0.820782
376,0.822419
376,0.823509
376,0.824246
376,0.826368
377,0.831142
377,0.832181
377,0.832319
377,0.833982
377,0.835651
377,0.836740
377,0.841067
378,0.842509
378,0.842862
378,0.843372
379,0.843977
380,0.844418
384,0.846345
385,0.846483
387,0.847497
391,0.849550
392,0.849941
392,0.849985
394,0.851137
394,0.851421
400,0.853128
401,0.854123
402,0.854349
404,0.854765
405,0.855143
405,0.855168
414,0.857996
415,0.859073
416,0.860061
417,0.861057
418,0.863387
419,0.864734
420,0.865270
420,0.865660
421,0.866832
422,0.868085
422,0.868771
422,0.868923
422,0.869326
423,0.869855
424,0.872355
425,0.872645
425,0.872651
425,0.873526
425,0.873740
426,0.875094
426,0.875378
427,0.876329
427,0.876845
428,0.877160
428,0.877204
429,0.878798
429,0.878848
429,0.879106
429,0.879157
430,0.879396
434,0.881203
435,0.881405
437,0.882091
439,0.882614
445,0.883987
447,0.884296
451,0.885121
451,0.885240
458,0.887016
462,0.890644
462,0.890663
463,0.891582
463,0.891872
464,0.892351
464,0.892401
464,0.892445
464,0.892521
464,0.892817
465,0.893459
465,0.893724
466,0.895254
467,0.896482
468,0.897565
468,0.898113
469,0.899606
472,0.904524
472,0.904682
473,0.907484
473,0.907768
475,0.908977
477,0.910425
479,0.911572
480,0.912435
482,0.913681
484,0.914506
485,0.914966
486,0.915363
493,0.918531
496,0.919627
499,0.920559
502,0.921743
504,0.922366
505,0.922788
512,0.925074
514,0.925748
517,0.926945
518,0.927077
519,0.927600
526,0.929823
533,0.931863
535,0.932342
543,0.934005
543,0.934080
546,0.934609
549,0.935163
550,0.935491
551,0.935730
552,0.935875
559,0.937349
572,0.940170
574,0.940630
578,0.941505
591,0.943848
597,0.944787
622,0.948622
622,0.948666
632,0.949573
636,0.950008
643,0.950877
653,0.951784
656,0.952067
658,0.952224
665,0.952823
687,0.954542
704,0.955537
725,0.956658
736,0.957130
758,0.958195
774,0.958932
778,0.959152
782,0.959303
823,0.961394
829,0.961652
859,0.962893
866,0.963164
874,0.963523
971,0.966357
1009,0.967201
1068,0.968360
1100,0.968977
1128,0.969594
1247,0.971294
1262,0.971458
1396,0.972825
1561,0.974141
1736,0.975231
1770,0.975489
2156,0.976887
2199,0.977076
2550,0.978757
2641,0.979312
3253,0.981887
3356,0.982120
5076,0.985402
5430,0.985798
8464,0.990484
10221,0.992178
11065,0.992751
14101,0.993431
27647970,0.993860
29328735,0.996354
29538168,0.997141
29926430,0.998526
140190692,0.999994
