50388.549518
19909.050389
350,0.000000
364,0.000717
364,0.000804
364,0.002523
364,0.003531
364,0.003847
364,0.004447
364,0.005281
364,0.006350
364,0.006864
364,0.007178
364,0.008163
364,0.008769
364,0.009087
364,0.009389
364,0.011239
364,0.012237
364,0.012642
364,0.012686
364,0.015663
364,0.017138
364,0.017190
364,0.018817
364,0.019638
364,0.021755
364,0.022074
364,0.023597
364,0.025641
364,0.025886
364,0.026423
364,0.027557
364,0.028300
364,0.030755
364,0.031016
364,0.032169
365,0.035192
365,0.035666
365,0.037723
365,0.040001
365,0.040749
365,0.042504
365,0.043567
365,0.044328
365,0.044483
365,0.045379
365,0.045488
365,0.055146
365,0.057091
365,0.061346
365,0.061424
365,0.061685
365,0.062521
365,0.062540
365,0.064767
365,0.065987
365,0.065997
365,0.066803
365,0.068457
365,0.068727
365,0.069150
365,0.070126
365,0.070130
365,0.070402
365,0.070671
365,0.071014
365,0.071261
365,0.072055
365,0.072133
365,0.072259
365,0.072419
365,0.074948
365,0.076690
365,0.078747
365,0.078970
365,0.079225
365,0.081471
365,0.081536
365,0.082086
365,0.083187
365,0.083306
365,0.083796
365,0.085945
365,0.087148
365,0.089163
365,0.089635
365,0.090203
365,0.091068
365,0.091434
365,0.091980
365,0.092423
365,0.094019
365,0.094453
365,0.095859
365,0.096035
365,0.101200
365,0.102914
365,0.105384
365,0.105575
365,0.106585
365,0.106810
365,0.108528
365,0.110715
365,0.112713
365,0.113358
365,0.113712
365,0.115691
365,0.116059
365,0.116779
365,0.116806
365,0.117418
365,0.117864
365,0.118920
365,0.119290
365,0.119600
365,0.119804
365,0.119807
365,0.120167
365,0.121905
365,0.122614
365,0.123057
365,0.123545
365,0.124607
365,0.125800
365,0.126605
365,0.127149
365,0.127266
365,0.129661
365,0.131025
365,0.131362
365,0.131458
365,0.131875
365,0.134121
365,0.135208
365,0.135838
365,0.136172
365,0.137471
365,0.139336
365,0.142279
365,0.143072
365,0.144940
365,0.144995
365,0.144997
365,0.145055
365,0.145836
365,0.145928
365,0.145961
365,0.147270
365,0.147383
365,0.147838
365,0.148375
365,0.148386
365,0.150201
365,0.150450
365,0.152830
365,0.153102
365,0.154975
365,0.157751
365,0.160173
365,0.160309
365,0.160727
365,0.161581
365,0.161588
365,0.161791
365,0.162176
365,0.162642
365,0.163851
365,0.164959
365,0.166516
365,0.166709
365,0.168594
365,0.168942
365,0.171227
365,0.173074
366,0.175636
366,0.179867
366,0.181876
366,0.181952
366,0.182104
366,0.182864
366,0.183316
366,0.183506
366,0.185083
366,0.185179
366,0.185268
366,0.187331
366,0.191706
366,0.191955
366,0.192924
366,0.194670
366,0.194843
366,0.195139
366,0.197250
366,0.197253
366,0.198399
366,0.199076
366,0.201096
366,0.201517
366,0.201704
366,0.205108
366,0.206048
366,0.206978
366,0.207022
366,0.207741
366,0.208828
366,0.210127
366,0.210305
366,0.214229
366,0.214316
366,0.217022
366,0.217278
366,0.217842
366,0.218217
366,0.219423
366,0.220701
366,0.220939
366,0.222334
366,0.224256
366,0.224743
366,0.224995
366,0.225021
366,0.225696
366,0.226210
366,0.228318
366,0.228998
366,0.229654
366,0.231016
366,0.231425
366,0.232407
366,0.232773
366,0.233329
366,0.235266
366,0.235290
366,0.235790
366,0.239596
366,0.240196
366,0.240316
366,0.240609
366,0.240688
366,0.242101
366,0.243048
366,0.243921
366,0.245891
366,0.246114
366,0.247351
366,0.247368
366,0.249427
366,0.249772
366,0.250153
366,0.251363
366,0.251417
366,0.253534
366,0.254178
366,0.254476
366,0.254808
366,0.255011
366,0.255879
366,0.256173
366,0.258020
366,0.258165
366,0.258363
366,0.259948
366,0.260109
366,0.260563
366,0.261085
366,0.262354
366,0.263105
366,0.263843
366,0.266196
366,0.270801
366,0.270878
366,0.271393
366,0.273156
366,0.274034
366,0.275086
366,0.275114
366,0.276462
366,0.276535
366,0.278030
366,0.278520
366,0.279511
366,0.279518
366,0.280048
366,0.280280
366,0.282151
366,0.282489
366,0.283093
366,0.284266
366,0.284879
366,0.285796
366,0.287068
366,0.288144
366,0.291978
366,0.292493
366,0.292691
366,0.293794
366,0.294582
366,0.294767
366,0.295418
366,0.296010
366,0.296363
366,0.300886
366,0.302640
366,0.304043
366,0.304155
366,0.305934
366,0.306819
366,0.307214
366,0.308003
366,0.309023
366,0.310006
366,0.312009
366,0.313652
366,0.317266
366,0.319314
366,0.321365
366,0.323065
366,0.324225
366,0.326384
366,0.326894
366,0.328734
366,0.331041
366,0.333334
366,0.334540
366,0.335210
366,0.335833
366,0.337434
367,0.338831
367,0.340267
367,0.342037
367,0.342989
367,0.343715
367,0.345632
367,0.346418
367,0.347177
367,0.347769
367,0.348083
367,0.349732
367,0.350162
367,0.350383
367,0.350389
367,0.351291
367,0.351373
367,0.353270
367,0.354434
367,0.354436
367,0.354815
367,0.355376
367,0.356279
367,0.357532
367,0.357676
367,0.358186
367,0.358525
367,0.359813
367,0.361635
367,0.362415
367,0.362668
367,0.362896
367,0.363613
367,0.363829
367,0.363940
367,0.364916
367,0.365693
367,0.365846
367,0.365903
367,0.366434
367,0.367168
367,0.368963
367,0.369842
367,0.371523
367,0.371779
367,0.372308
367,0.373956
367,0.374878
367,0.375480
367,0.375958
367,0.378003
367,0.378422
367,0.380031
367,0.382770
367,0.386470
367,0.386652
367,0.388356
367,0.390526
367,0.391020
367,0.391807
367,0.394131
367,0.395940
367,0.395946
367,0.396698
367,0.400116
367,0.402213
367,0.403459
367,0.403585
367,0.403999
367,0.405046
367,0.406764
367,0.408004
367,0.408838
367,0.409085
367,0.410388
367,0.410806
367,0.411925
367,0.412091
367,0.413502
367,0.417206
367,0.417340
367,0.417373
367,0.417998
367,0.418834
367,0.418834
367,0.419752
367,0.422054
367,0.424442
367,0.424654
367,0.425275
367,0.425460
367,0.425812
367,0.425936
367,0.426506
368,0.428276
368,0.428554
368,0.430351
368,0.430933
368,0.430941
368,0.431993
368,0.433303
368,0.434886
368,0.437426
368,0.440947
368,0.442056
369,0.442981
370,0.450619
370,0.450733
370,0.453571
370,0.453839
370,0.457617
370,0.457676
370,0.457685
370,0.458381
370,0.461246
370,0.461343
370,0.461478
370,0.462754
370,0.462780
370,0.465497
370,0.465819
370,0.465963
370,0.466126
370,0.466151
370,0.467304
370,0.468443
370,0.470258
370,0.470522
370,0.470646
370,0.472065
370,0.472684
370,0.473245
370,0.473463
370,0.476097
370,0.476802
370,0.477220
370,0.479768
370,0.481217
370,0.482786
370,0.484192
370,0.486204
370,0.486228
370,0.489890
370,0.491143
370,0.491768
370,0.491995
370,0.492854
370,0.495642
370,0.496009
370,0.498653
370,0.500284
370,0.500993
370,0.501309
370,0.501835
371,0.502378
371,0.502682
371,0.502779
371,0.503216
371,0.503554
371,0.504152
371,0.504198
371,0.505539
371,0.505725
371,0.505850
371,0.509022
371,0.509400
371,0.509707
371,0.510463
371,0.511475
371,0.512091
371,0.512117
371,0.512191
371,0.513406
371,0.513755
371,0.516255
371,0.517173
371,0.518380
371,0.519700
371,0.520192
371,0.520372
371,0.520409
371,0.521688
371,0.527208
371,0.530015
371,0.531217
371,0.532218
371,0.532587
371,0.533200
372,0.535142
372,0.535762
372,0.536567
372,0.537852
372,0.537909
372,0.539319
372,0.541044
372,0.541479
372,0.542940
372,0.544180
372,0.544743
372,0.545472
372,0.545634
372,0.546097
372,0.546999
372,0.549478
372,0.549921
372,0.549942
372,0.551595
372,0.551719
372,0.552761
372,0.554041
372,0.554882
372,0.554894
372,0.554921
372,0.555393
372,0.555692
372,0.557434
372,0.558161
372,0.560719
372,0.560856
372,0.561080
372,0.561888
372,0.562579
372,0.562697
372,0.564460
372,0.564718
372,0.568542
372,0.569035
372,0.569451
372,0.570490
372,0.571368
372,0.571685
372,0.573935
372,0.574299
372,0.574817
372,0.575758
372,0.576067
372,0.577755
372,0.579286
372,0.579532
372,0.580310
372,0.580922
372,0.581941
372,0.581989
372,0.583276
372,0.583433
372,0.583691
372,0.583930
372,0.584428
372,0.586066
372,0.587541
372,0.587554
372,0.588027
372,0.588718
372,0.589306
372,0.589476
372,0.589878
372,0.590616
372,0.590798
372,0.590804
372,0.593293
372,0.594067
372,0.594070
372,0.594704
372,0.595508
372,0.595768
372,0.597079
372,0.598630
372,0.599091
372,0.599523
372,0.600819
372,0.601120
372,0.601251
372,0.601438
372,0.602455
372,0.603581
372,0.603609
372,0.605388
372,0.605426
372,0.605561
372,0.606546
372,0.607687
373,0.613246
373,0.613746
373,0.616095
373,0.616270
373,0.617327
373,0.621371
373,0.623270
373,0.625658
373,0.626828
373,0.626987
373,0.629393
373,0.630024
373,0.630469
373,0.630667
373,0.633696
373,0.634237
373,0.635974
373,0.636846
373,0.637370
373,0.638113
373,0.638620
373,0.642122
373,0.642254
373,0.643468
373,0.644218
373,0.644432
373,0.644461
373,0.645139
373,0.645340
373,0.646471
373,0.646901
373,0.647444
373,0.648024
373,0.648502
373,0.649158
373,0.650845
373,0.651424
373,0.652649
373,0.652779
373,0.652823
373,0.655211
373,0.656269
373,0.657199
373,0.658659
373,0.660229
373,0.662246
373,0.662267
373,0.662310
373,0.662610
373,0.667012
373,0.667054
374,0.668163
374,0.669604
374,0.669628
374,0.670230
374,0.670681
374,0.674680
374,0.675460
374,0.675505
374,0.675731
374,0.676773
374,0.677627
374,0.679033
374,0.679212
374,0.679992
374,0.680249
374,0.682806
374,0.682892
374,0.684119
374,0.686237
374,0.686717
374,0.687305
374,0.687327
374,0.687475
374,0.687998
374,0.688094
374,0.690031
374,0.690651
374,0.693622
374,0.694394
375,0.696165
375,0.696661
375,0.696904
375,0.698094
376,0.702283
376,0.703657
376,0.703966
376,0.704620
376,0.705247
376,0.706142
376,0.706888
377,0.707913
377,0.708536
377,0.708944
377,0.710612
377,0.710728
377,0.712321
377,0.712748
377,0.713061
377,0.714116
377,0.715231
377,0.715240
377,0.716644
377,0.717691
377,0.718898
377,0.721673
377,0.724505
377,0.724682
378,0.725883
378,0.726447
378,0.727644
378,0.730027
378,0.731774
378,0.732031
378,0.732166
378,0.732555
378,0.734628
378,0.735242
378,0.735731
378,0.735769
378,0.735814
379,0.736404
379,0.737296
379,0.740231
379,0.742403
379,0.742877
379,0.743747
379,0.745021
379,0.746875
379,0.747347
379,0.747465
379,0.747582
379,0.748289
379,0.748774
379,0.748946
379,0.750877
379,0.751446
379,0.751575
379,0.753732
379,0.757048
379,0.758825
379,0.759920
379,0.762129
379,0.763111
379,0.763356
380,0.764302
380,0.766400
380,0.767049
380,0.767296
380,0.768007
380,0.769246
380,0.769412
380,0.769540
380,0.773348
380,0.775024
380,0.776498
380,0.777106
380,0.777314
381,0.779620
381,0.780343
381,0.781107
381,0.781754
382,0.783154
382,0.783191
405,0.786010
405,0.786015
417,0.788962
417,0.789454
418,0.790574
418,0.790789
419,0.792049
421,0.794270
422,0.794909
422,0.795259
423,0.796808
424,0.797854
424,0.797960
425,0.798719
425,0.799381
426,0.800762
427,0.802238
428,0.802880
429,0.803349
431,0.804785
431,0.805057
438,0.806424
441,0.807292
441,0.807315
441,0.807461
444,0.808476
444,0.808542
444,0.808613
448,0.809824
448,0.809827
452,0.811784
453,0.812698
455,0.813746
456,0.814201
456,0.814619
459,0.816194
460,0.817397
461,0.818450
462,0.819479
464,0.821535
464,0.821627
464,0.821969
465,0.822103
465,0.822314
465,0.822765
466,0.823563
466,0.823750
467,0.824904
467,0.825135
467,0.825550
467,0.825750
468,0.825933
468,0.826405
469,0.828436
470,0.829360
471,0.830728
471,0.830851
472,0.832077
472,0.832294
472,0.833422
472,0.833551
473,0.834205
473,0.835356
474,0.836223
475,0.837964
476,0.838476
476,0.838650
476,0.839272
476,0.839422
476,0.839604
477,0.840345
477,0.841253
478,0.842168
478,0.842266
479,0.843559
479,0.843773
480,0.844588
480,0.845311
482,0.848903
482,0.849121
482,0.849289
483,0.850661
483,0.851449
485,0.854249
485,0.854337
486,0.855844
487,0.856608
487,0.857105
488,0.858611
489,0.859345
489,0.860271
493,0.865726
493,0.866245
494,0.866717
494,0.867609
495,0.868408
495,0.869150
495,0.869399
496,0.869929
497,0.871114
500,0.875513
500,0.875742
500,0.875900
500,0.876320
501,0.876577
502,0.877980
502,0.878520
502,0.878884
503,0.880389
504,0.880564
504,0.881331
505,0.881931
505,0.882062
505,0.882507
506,0.883438
506,0.884234
508,0.886234
508,0.886639
509,0.887969
509,0.888277
509,0.888603
510,0.889507
510,0.890173
510,0.890281
511,0.890425
511,0.891032
511,0.891430
511,0.891470
512,0.891643
513,0.893442
513,0.893659
513,0.893974
514,0.894375
514,0.894841
516,0.897737
516,0.898055
517,0.898640
517,0.899112
518,0.899805
518,0.900293
519,0.902200
521,0.904153
521,0.904386
521,0.904530
521,0.904664
522,0.905135
522,0.905822
522,0.906028
527,0.912272
529,0.913789
529,0.914398
530,0.914683
530,0.915041
532,0.916833
533,0.917914
535,0.920157
538,0.922562
538,0.922838
539,0.923350
540,0.924010
540,0.924286
540,0.924389
541,0.925333
542,0.925529
542,0.925583
543,0.926388
543,0.926844
544,0.927039
545,0.928140
546,0.929226
548,0.930311
548,0.930808
549,0.931059
550,0.932222
550,0.932258
552,0.934170
553,0.934491
557,0.937854
557,0.937943
557,0.938043
559,0.939733
559,0.939939
560,0.940445
561,0.941435
562,0.942317
565,0.944663
565,0.944679
566,0.945312
567,0.946327
568,0.947136
569,0.948031
575,0.952253
578,0.954444
580,0.956326
582,0.957489
586,0.959918
586,0.960122
588,0.961178
589,0.962243
596,0.965697
607,0.970718
612,0.972596
615,0.973669
619,0.974691
625,0.976363
630,0.977840
633,0.978536
640,0.980266
652,0.982364
652,0.982459
657,0.983069
665,0.984099
669,0.984606
677,0.985459
685,0.986402
695,0.987293
706,0.987996
721,0.988838
736,0.989591
739,0.989715
757,0.990388
770,0.990766
880,0.993080
931,0.993650
997,0.994046
2257,0.996210
3041,0.996700
10622,0.999205
28612042,0.999594
29619221,0.999936
29982888,0.999971
138135964,0.999999
