2579200.350006
345.605537
335,0.000000
336,0.000461
336,0.000743
336,0.000772
337,0.001144
337,0.001837
337,0.002062
337,0.003153
337,0.004073
337,0.004307
337,0.004663
337,0.004717
337,0.007006
337,0.007690
337,0.007908
337,0.008586
337,0.010267
337,0.011858
337,0.014397
337,0.015469
337,0.015893
337,0.016388
337,0.016620
337,0.017222
337,0.017602
337,0.020762
337,0.021332
337,0.021383
337,0.023169
337,0.023957
338,0.027021
338,0.028583
338,0.028928
338,0.029019
338,0.029181
338,0.029690
338,0.029928
338,0.030719
338,0.031011
338,0.032114
338,0.034377
338,0.035356
338,0.040523
338,0.041030
338,0.042399
338,0.042524
338,0.043503
338,0.043972
338,0.044117
338,0.044697
338,0.044998
338,0.045267
338,0.047156
338,0.049491
338,0.049934
338,0.050444
338,0.050778
338,0.051527
338,0.051941
338,0.052648
338,0.052799
338,0.052971
338,0.053349
338,0.053354
338,0.053436
338,0.054633
338,0.057450
338,0.058012
338,0.058637
338,0.060158
338,0.060343
338,0.060955
338,0.061031
338,0.061624
338,0.063342
338,0.064714
338,0.065055
338,0.065172
338,0.065930
338,0.066361
338,0.066518
338,0.066698
338,0.067896
338,0.068651
338,0.069560
338,0.070329
338,0.073394
338,0.078694
338,0.078969
339,0.082736
339,0.083997
339,0.084250
339,0.085058
339,0.087376
339,0.087532
339,0.087652
339,0.088569
339,0.088582
339,0.088776
339,0.090678
339,0.091564
339,0.092453
339,0.092454
339,0.093384
339,0.096334
339,0.096723
339,0.098387
339,0.099521
339,0.101282
339,0.101441
339,0.101685
339,0.101713
339,0.102916
339,0.103317
339,0.103783
339,0.104025
339,0.104058
339,0.106076
339,0.106510
339,0.108478
339,0.108636
339,0.108757
339,0.111196
339,0.113059
339,0.113411
339,0.113681
339,0.115617
339,0.118343
339,0.118641
339,0.119070
339,0.119720
339,0.126945
339,0.127347
339,0.127729
339,0.129733
339,0.130821
339,0.131641
339,0.131719
339,0.132007
339,0.132092
339,0.133107
339,0.133221
339,0.134883
339,0.136189
339,0.136345
339,0.137346
339,0.140955
339,0.141555
339,0.141677
339,0.142767
339,0.142893
339,0.144097
339,0.145046
339,0.147631
339,0.149143
339,0.151429
339,0.152515
339,0.154348
339,0.157705
339,0.159118
339,0.159266
339,0.159634
339,0.160508
339,0.160681
339,0.166501
339,0.169444
340,0.171287
340,0.171751
340,0.171954
340,0.172157
340,0.172550
340,0.172587
340,0.173030
340,0.173153
340,0.176404
340,0.177900
340,0.179085
340,0.181365
340,0.181517
340,0.181982
340,0.182127
340,0.182308
340,0.183529
340,0.183537
340,0.183936
340,0.184203
340,0.185296
340,0.185529
340,0.188118
340,0.190269
340,0.190534
340,0.190570
340,0.191822
340,0.192308
340,0.193641
340,0.194249
340,0.195832
340,0.196052
340,0.196965
340,0.197486
340,0.199311
340,0.201255
340,0.201543
340,0.201848
340,0.203564
340,0.204206
340,0.205263
340,0.205855
340,0.207884
340,0.208416
340,0.209068
340,0.210065
340,0.210508
340,0.210715
340,0.210919
340,0.211291
340,0.212145
340,0.212513
340,0.213256
340,0.213925
340,0.215647
340,0.216013
340,0.217298
340,0.218613
340,0.219143
340,0.220436
340,0.220830
340,0.224274
340,0.225813
340,0.226076
340,0.227234
340,0.227960
340,0.228923
340,0.230066
340,0.230191
340,0.231198
340,0.231439
340,0.231671
340,0.233591
340,0.235419
340,0.236655
340,0.236841
340,0.237089
340,0.238870
340,0.239171
340,0.240325
340,0.240503
340,0.240522
340,0.242447
340,0.242634
340,0.242813
340,0.244739
340,0.245208
341,0.246420
341,0.247343
341,0.247922
341,0.250320
341,0.251156
341,0.252007
341,0.252684
341,0.252717
341,0.253097
341,0.253361
341,0.253370
341,0.253611
341,0.255306
341,0.255334
341,0.255600
341,0.258229
341,0.258925
341,0.260673
341,0.260744
341,0.262252
341,0.262786
341,0.265214
341,0.266619
341,0.267584
341,0.267992
341,0.268362
341,0.268961
341,0.269101
341,0.269260
341,0.269499
341,0.270816
341,0.272272
341,0.273343
341,0.273717
341,0.275821
341,0.276575
341,0.277793
341,0.278958
341,0.278978
341,0.280533
341,0.280674
341,0.281806
341,0.282951
341,0.282995
341,0.283930
341,0.285461
341,0.286738
341,0.287245
341,0.288301
341,0.292463
341,0.293773
341,0.295378
341,0.296469
341,0.296603
342,0.298655
342,0.298767
342,0.299799
342,0.300092
342,0.308310
342,0.309760
342,0.310111
342,0.310429
342,0.311149
342,0.311336
342,0.311397
342,0.311433
342,0.313514
342,0.313586
342,0.314829
342,0.315104
342,0.315287
342,0.315527
342,0.316252
342,0.317376
342,0.319881
342,0.319923
342,0.320695
342,0.321609
342,0.322387
342,0.326121
342,0.326640
342,0.328498
342,0.330087
342,0.330136
342,0.330310
342,0.334069
342,0.334436
342,0.335357
342,0.338475
342,0.339151
343,0.342848
343,0.343690
343,0.344635
343,0.345251
343,0.345532
343,0.346316
343,0.346923
343,0.349246
343,0.350280
343,0.350611
343,0.351837
343,0.352010
343,0.352735
343,0.354354
343,0.355799
343,0.357046
343,0.361542
343,0.361906
343,0.362038
343,0.363381
343,0.364093
343,0.365313
343,0.365893
343,0.366068
343,0.366167
343,0.367772
343,0.368921
343,0.369628
343,0.370726
343,0.370807
343,0.372199
343,0.372503
343,0.372529
343,0.372799
343,0.376951
343,0.377009
343,0.377164
343,0.378428
343,0.379917
343,0.380034
343,0.382229
343,0.382947
343,0.383901
343,0.386551
343,0.386925
343,0.391197
343,0.391507
343,0.391973
343,0.392126
343,0.392454
343,0.392772
343,0.395977
343,0.396099
343,0.396934
343,0.399208
343,0.400614
343,0.400729
343,0.401049
343,0.401299
343,0.404061
343,0.405356
343,0.405811
343,0.406621
343,0.406690
343,0.407307
343,0.407843
343,0.408737
343,0.409548
343,0.411358
343,0.412044
343,0.413003
343,0.413231
343,0.414626
343,0.414728
343,0.415438
343,0.419615
343,0.419680
343,0.419818
343,0.420317
343,0.421057
343,0.421700
343,0.422280
343,0.423522
343,0.425344
344,0.426340
344,0.426936
344,0.428169
344,0.429544
344,0.429922
344,0.430578
344,0.430822
344,0.431513
344,0.432045
344,0.432983
344,0.433562
344,0.435922
344,0.436027
344,0.437248
344,0.440491
344,0.440554
344,0.442770
344,0.443067
344,0.444369
344,0.447359
344,0.448721
344,0.450200
344,0.451152
344,0.452532
344,0.453036
344,0.453445
344,0.454597
344,0.454662
344,0.454894
344,0.455972
344,0.456234
344,0.457464
344,0.457800
344,0.458219
344,0.459318
344,0.461226
344,0.462384
344,0.463184
344,0.463482
344,0.463714
344,0.463785
344,0.468102
344,0.469695
344,0.472206
344,0.473167
344,0.473388
344,0.473403
344,0.475333
344,0.475781
344,0.476912
344,0.478810
344,0.479373
344,0.480165
344,0.483101
344,0.484495
344,0.484712
344,0.485628
344,0.486442
344,0.490807
344,0.492069
344,0.493390
344,0.494485
344,0.495233
344,0.495407
344,0.496215
344,0.496351
344,0.496519
344,0.496636
344,0.498081
344,0.498417
344,0.499198
344,0.499448
344,0.499856
344,0.500262
344,0.500833
344,0.502879
344,0.502933
344,0.503035
344,0.503803
344,0.505800
344,0.507503
344,0.507711
344,0.507807
344,0.508957
344,0.509546
344,0.510138
344,0.511354
344,0.511561
344,0.513793
344,0.514575
344,0.515222
344,0.516908
344,0.517533
344,0.518457
344,0.518492
344,0.520848
344,0.521021
344,0.521312
344,0.522706
344,0.523310
344,0.524940
344,0.526039
344,0.527269
344,0.527827
344,0.528208
344,0.529269
344,0.532177
344,0.533044
344,0.534070
344,0.534579
344,0.535514
344,0.536442
344,0.536605
344,0.536673
344,0.536695
344,0.537605
344,0.537675
344,0.537747
344,0.539849
344,0.539908
344,0.541089
344,0.541179
344,0.541586
344,0.542032
344,0.542879
344,0.545359
344,0.545630
344,0.546358
344,0.548048
344,0.549765
344,0.549832
344,0.551487
344,0.551742
344,0.552256
344,0.553051
344,0.553296
344,0.553516
345,0.553922
345,0.554892
345,0.556830
345,0.557251
345,0.559669
345,0.559868
345,0.564859
345,0.565600
345,0.565996
345,0.566187
345,0.568757
345,0.569374
345,0.570277
345,0.572164
345,0.572201
345,0.573140
345,0.573590
345,0.573916
345,0.574178
345,0.574661
345,0.577163
345,0.578187
345,0.580987
345,0.582067
345,0.585063
345,0.585498
345,0.585580
345,0.585868
345,0.586723
345,0.587043
345,0.587077
345,0.589046
345,0.589583
345,0.591186
345,0.591775
345,0.597770
345,0.598069
345,0.599123
345,0.599857
345,0.600348
345,0.601081
345,0.603788
345,0.607018
345,0.607180
345,0.609560
345,0.610665
345,0.610946
345,0.611759
345,0.612239
345,0.612382
345,0.612515
345,0.613287
345,0.613630
345,0.613845
345,0.615862
345,0.618773
345,0.620111
345,0.621014
345,0.622302
345,0.622421
345,0.623512
345,0.624529
345,0.626998
345,0.628184
345,0.631141
345,0.633508
345,0.633698
345,0.633704
345,0.635268
345,0.636756
345,0.637201
345,0.638226
345,0.638795
345,0.638831
345,0.638867
345,0.639173
345,0.639343
345,0.639807
345,0.640428
345,0.642126
345,0.642367
345,0.642641
345,0.643431
345,0.644345
345,0.644409
345,0.645497
345,0.647664
345,0.647785
345,0.649396
345,0.649602
345,0.650153
345,0.650544
345,0.651074
345,0.651101
345,0.652764
345,0.652949
345,0.660345
345,0.661639
345,0.662593
345,0.663421
345,0.663953
345,0.665359
345,0.667556
345,0.667832
345,0.668478
345,0.668499
345,0.669303
345,0.670034
345,0.670046
345,0.670894
345,0.671125
345,0.671927
345,0.672136
345,0.672949
346,0.673431
346,0.673649
346,0.673672
346,0.674128
346,0.674708
346,0.675238
346,0.675381
346,0.676758
346,0.676786
347,0.680365
348,0.685229
348,0.685596
348,0.686924
348,0.687184
348,0.687667
348,0.687892
348,0.687909
348,0.688862
348,0.691226
348,0.692517
348,0.692885
348,0.692904
348,0.693064
348,0.693182
348,0.693664
348,0.694228
348,0.694410
348,0.695498
348,0.699888
348,0.700105
348,0.700149
348,0.700539
348,0.701784
348,0.704126
348,0.705188
348,0.707068
348,0.707350
348,0.708160
348,0.708951
348,0.710193
348,0.710403
348,0.711422
348,0.712201
348,0.714748
348,0.715437
348,0.716331
348,0.717017
348,0.718954
348,0.720670
348,0.722476
348,0.723885
348,0.724693
348,0.725616
348,0.725726
348,0.727875
348,0.729194
348,0.729266
348,0.729650
348,0.730533
348,0.731023
348,0.731636
348,0.733128
348,0.736038
348,0.738424
348,0.738516
348,0.738888
348,0.739066
348,0.740209
349,0.741723
349,0.742756
349,0.743698
349,0.744292
349,0.745657
349,0.746320
349,0.746674
349,0.747505
349,0.747592
349,0.747645
349,0.748700
349,0.748906
349,0.750195
349,0.750336
349,0.750732
349,0.752069
349,0.752123
349,0.754798
349,0.755279
349,0.755370
349,0.756283
349,0.756437
349,0.757772
349,0.759000
349,0.759056
349,0.760725
349,0.760793
349,0.761693
349,0.762100
349,0.762705
349,0.762995
349,0.766166
349,0.766229
349,0.767184
349,0.768623
349,0.771593
349,0.775915
349,0.776019
349,0.776056
349,0.776786
349,0.776801
349,0.777006
349,0.779111
349,0.780493
349,0.780962
349,0.781929
349,0.782230
349,0.782594
349,0.783498
349,0.784006
349,0.784010
349,0.785258
349,0.787013
349,0.787962
349,0.788842
349,0.789494
349,0.792105
349,0.793096
349,0.794772
349,0.795857
349,0.801253
349,0.801352
349,0.801972
349,0.803516
349,0.804365
349,0.806199
349,0.806522
349,0.809695
349,0.812473
349,0.812806
349,0.813050
349,0.813693
349,0.814459
349,0.814883
349,0.816451
349,0.816641
349,0.816945
349,0.817092
349,0.817742
349,0.819279
349,0.819862
349,0.822557
349,0.822584
349,0.823544
349,0.824190
349,0.824428
349,0.824539
349,0.827671
349,0.828385
349,0.828464
349,0.829310
349,0.829562
349,0.831695
349,0.832493
349,0.832893
349,0.835149
349,0.836176
350,0.837497
350,0.837759
350,0.839811
350,0.840004
350,0.840990
350,0.841325
350,0.842384
350,0.843289
350,0.843523
350,0.843868
350,0.843877
350,0.843922
350,0.844979
350,0.845643
350,0.847202
350,0.850924
350,0.851379
350,0.851857
350,0.852176
350,0.853395
350,0.854780
350,0.855194
350,0.856529
350,0.856864
350,0.859187
350,0.860485
350,0.862197
350,0.864182
350,0.865641
350,0.865789
350,0.866041
350,0.866335
350,0.870663
350,0.870832
350,0.870978
350,0.871395
350,0.871744
350,0.873847
350,0.874841
350,0.874913
350,0.875326
350,0.876096
350,0.877261
350,0.877969
350,0.879127
351,0.884533
351,0.886110
351,0.888603
351,0.889847
351,0.890109
351,0.890241
352,0.892978
352,0.893337
352,0.893741
352,0.894004
352,0.895232
352,0.895777
352,0.900570
352,0.901753
352,0.902554
352,0.902641
352,0.903110
352,0.903916
352,0.904982
353,0.905229
353,0.905563
353,0.905811
353,0.906170
353,0.907332
353,0.908592
353,0.908738
353,0.909133
353,0.909234
353,0.909435
353,0.909959
353,0.913740
353,0.914340
353,0.915854
353,0.916071
353,0.916424
354,0.917338
354,0.917906
354,0.918100
354,0.918535
354,0.921427
354,0.921827
354,0.922436
354,0.923042
354,0.923365
354,0.923584
354,0.924156
354,0.926051
354,0.926870
354,0.928837
354,0.931074
354,0.932603
354,0.934237
354,0.934739
354,0.935499
354,0.935778
355,0.937107
355,0.937116
355,0.938869
355,0.939113
355,0.940395
355,0.943610
355,0.945357
355,0.946173
355,0.946444
355,0.946899
355,0.946931
355,0.947569
355,0.948193
355,0.948838
355,0.950571
355,0.951195
355,0.951419
355,0.951518
355,0.951523
355,0.952138
357,0.956618
357,0.956737
357,0.957385
358,0.958091
358,0.958410
358,0.958644
358,0.959465
358,0.962058
359,0.964740
359,0.965827
359,0.966689
359,0.967235
359,0.967956
359,0.968717
359,0.972122
359,0.972499
359,0.975177
359,0.975915
359,0.976714
360,0.978884
360,0.979013
360,0.979591
360,0.979867
360,0.982025
360,0.983318
360,0.983790
360,0.983858
360,0.984841
360,0.985353
360,0.987522
360,0.990000
360,0.990554
360,0.991144
360,0.991459
360,0.992352
360,0.992579
360,0.994001
369,0.998171
3683317,1.000000
