7512.257289
133658.737655
350,0.000000
361,0.000600
362,0.000816
363,0.002174
364,0.006102
364,0.008990
364,0.009911
364,0.009951
364,0.009982
364,0.010842
364,0.011168
364,0.013655
364,0.013862
364,0.014290
364,0.014717
364,0.015581
364,0.016670
364,0.017226
364,0.019197
364,0.019964
364,0.024113
364,0.024294
364,0.024377
364,0.024558
364,0.024598
364,0.027358
364,0.028451
364,0.029611
364,0.031335
364,0.031445
364,0.034567
364,0.035003
364,0.035387
364,0.035938
364,0.036784
364,0.037609
364,0.038160
364,0.039244
364,0.040043
364,0.040633
364,0.041312
365,0.043698
365,0.043764
365,0.047930
365,0.048256
365,0.048327
365,0.049257
365,0.049875
365,0.050805
365,0.051285
365,0.052145
365,0.052423
365,0.052613
365,0.053133
365,0.054420
365,0.054548
365,0.054993
365,0.055553
365,0.055769
365,0.060712
365,0.060813
365,0.060897
365,0.061219
365,0.064332
365,0.066796
365,0.070103
365,0.074600
365,0.075191
365,0.076126
365,0.077016
365,0.077338
365,0.077554
365,0.077792
365,0.078119
365,0.079366
365,0.079666
365,0.080266
365,0.082889
365,0.083652
365,0.083965
365,0.085177
365,0.085217
365,0.085909
365,0.085945
365,0.087730
365,0.088378
365,0.089035
365,0.090279
365,0.090521
365,0.090808
365,0.091266
365,0.091376
365,0.093021
365,0.093898
365,0.097862
365,0.099039
365,0.104189
365,0.104207
365,0.105000
365,0.106834
365,0.106909
365,0.107835
365,0.108876
365,0.109017
365,0.109731
365,0.110375
365,0.111825
365,0.112178
365,0.112376
365,0.115079
365,0.115648
365,0.116124
365,0.116843
365,0.118337
365,0.118783
365,0.119352
365,0.119523
365,0.120771
365,0.121036
365,0.123474
365,0.125335
365,0.125868
365,0.126388
365,0.127230
365,0.127967
365,0.128835
365,0.129532
365,0.129624
365,0.130184
365,0.130480
365,0.131930
365,0.132063
365,0.132248
365,0.133967
365,0.134351
365,0.134787
365,0.135502
365,0.136176
365,0.139139
365,0.142627
365,0.142763
365,0.144298
365,0.145942
365,0.146224
365,0.147393
365,0.148275
365,0.149033
365,0.149289
365,0.150281
366,0.152388
366,0.153213
366,0.153314
366,0.154747
366,0.155073
366,0.155439
366,0.155496
366,0.156749
366,0.157018
366,0.160743
366,0.162092
366,0.162807
366,0.163490
366,0.165302
366,0.170302
366,0.171863
366,0.172639
366,0.173490
366,0.174636
366,0.175072
366,0.175271
366,0.175606
366,0.177383
366,0.177599
366,0.179719
366,0.179856
366,0.179861
366,0.180584
366,0.181774
366,0.182286
366,0.183630
366,0.184102
366,0.184437
366,0.184816
366,0.186875
366,0.187704
366,0.189071
366,0.190261
366,0.191139
366,0.193987
366,0.194992
366,0.194997
366,0.195288
366,0.195455
366,0.197840
366,0.199093
366,0.199794
366,0.200049
366,0.200459
366,0.201469
366,0.202849
366,0.206681
366,0.206725
366,0.207166
366,0.207267
366,0.207346
366,0.207355
366,0.209035
366,0.210988
366,0.212417
366,0.213417
366,0.215177
366,0.215410
366,0.215556
366,0.216230
366,0.216279
366,0.216535
366,0.216790
366,0.219921
366,0.221173
366,0.221380
366,0.221385
366,0.222072
366,0.222443
366,0.224665
366,0.224735
366,0.226477
366,0.227866
366,0.228611
366,0.229550
366,0.229713
366,0.230317
366,0.230414
366,0.230723
366,0.230864
366,0.231671
366,0.233478
366,0.233694
366,0.236291
366,0.236715
366,0.236750
366,0.237680
366,0.238064
366,0.238597
366,0.240145
366,0.240700
366,0.241661
366,0.242680
366,0.243553
366,0.243879
366,0.243923
366,0.249258
366,0.249845
366,0.250224
366,0.250427
366,0.251833
366,0.253284
366,0.253434
366,0.253830
366,0.253844
366,0.254443
366,0.256714
366,0.257119
366,0.257124
366,0.258623
366,0.259346
366,0.261502
366,0.263468
366,0.263618
366,0.265069
366,0.265752
366,0.265920
366,0.265968
366,0.268010
366,0.269337
366,0.269518
366,0.270831
366,0.270853
367,0.272075
367,0.272573
367,0.272877
367,0.274791
367,0.274830
367,0.276709
367,0.277630
367,0.278997
367,0.279716
367,0.282035
367,0.282802
367,0.283547
367,0.284102
367,0.284605
367,0.286633
367,0.287449
367,0.288000
367,0.288362
367,0.288864
367,0.288904
367,0.291770
367,0.292969
367,0.293595
367,0.293648
367,0.293930
367,0.294711
367,0.294777
367,0.295129
367,0.297206
367,0.298621
367,0.298890
367,0.300209
367,0.300830
367,0.302162
367,0.305812
367,0.307624
367,0.309018
367,0.311072
367,0.312302
367,0.313709
367,0.315045
367,0.315177
367,0.316222
367,0.316830
367,0.318325
367,0.318682
367,0.319132
367,0.319590
367,0.321266
367,0.322324
367,0.322328
367,0.323206
367,0.323523
367,0.326133
367,0.328400
367,0.328633
367,0.330273
367,0.330829
367,0.331592
367,0.331989
367,0.332641
367,0.332698
367,0.334017
367,0.334162
367,0.334264
367,0.335851
367,0.335939
367,0.338108
367,0.338549
367,0.338915
367,0.339784
367,0.339859
367,0.340251
367,0.340485
368,0.341957
368,0.342217
368,0.342685
368,0.342976
368,0.343174
368,0.344973
368,0.345246
368,0.345679
368,0.346071
368,0.348491
368,0.349444
368,0.349982
368,0.357093
368,0.357600
368,0.358994
369,0.360087
369,0.360775
369,0.361740
369,0.362270
369,0.363178
370,0.364871
370,0.365404
370,0.366198
370,0.366370
370,0.367093
370,0.367838
370,0.368345
370,0.371506
370,0.373045
370,0.373605
370,0.373627
370,0.375378
370,0.379888
370,0.380413
370,0.380682
370,0.382097
370,0.384134
370,0.386091
370,0.388702
370,0.388724
370,0.388759
370,0.389015
370,0.389442
370,0.390064
370,0.390073
370,0.391069
370,0.391730
370,0.392727
370,0.393785
370,0.393820
370,0.393838
370,0.394177
370,0.395813
370,0.397004
371,0.399843
371,0.400831
371,0.401920
371,0.401955
371,0.406298
371,0.407277
371,0.411836
371,0.412660
371,0.412792
371,0.416214
371,0.416333
371,0.417034
371,0.419723
371,0.420900
371,0.421015
371,0.421474
371,0.421513
371,0.423378
371,0.425027
371,0.426738
371,0.427152
371,0.429092
371,0.429890
371,0.430838
371,0.430878
371,0.431813
371,0.432271
371,0.433179
371,0.436129
371,0.438012
371,0.438422
371,0.438660
371,0.438761
371,0.439537
371,0.445344
371,0.445388
371,0.448809
371,0.451199
371,0.451746
371,0.452804
371,0.453650
371,0.455317
371,0.455520
371,0.455873
371,0.458606
372,0.462319
372,0.462416
372,0.463068
372,0.463522
372,0.464307
372,0.468328
372,0.469245
372,0.469589
372,0.470233
372,0.470563
372,0.471577
372,0.473187
372,0.473345
372,0.474240
372,0.478504
372,0.478738
372,0.479086
372,0.479179
372,0.480814
372,0.481850
372,0.482547
372,0.483314
372,0.483790
372,0.484333
372,0.484721
372,0.486079
372,0.486277
372,0.488371
372,0.489359
372,0.490580
372,0.491771
372,0.493896
372,0.494632
372,0.496338
372,0.497546
372,0.498239
372,0.499094
372,0.499235
372,0.499799
372,0.500042
372,0.500985
372,0.501113
372,0.502277
372,0.505835
372,0.506153
372,0.507220
372,0.507678
372,0.508190
372,0.511254
372,0.511386
372,0.512034
372,0.512083
372,0.513406
372,0.513939
372,0.514966
372,0.515019
372,0.515032
372,0.515121
372,0.515628
372,0.519001
372,0.519137
372,0.521280
373,0.522748
373,0.523083
373,0.524521
373,0.524838
373,0.527065
373,0.527726
373,0.528572
373,0.529842
373,0.530186
373,0.531064
373,0.531266
373,0.531619
373,0.532470
373,0.533537
373,0.534339
373,0.534670
373,0.534833
373,0.538316
373,0.539225
373,0.539291
373,0.540830
373,0.541672
373,0.543409
373,0.545146
373,0.546076
373,0.546222
373,0.546464
373,0.546596
373,0.547685
373,0.549348
373,0.552531
373,0.553695
373,0.553717
374,0.556821
374,0.557103
374,0.558051
374,0.559872
374,0.560458
374,0.561565
374,0.563218
374,0.563924
374,0.564312
375,0.565657
375,0.567138
375,0.567416
375,0.567914
375,0.568267
375,0.568575
376,0.571732
376,0.572958
376,0.573588
376,0.573871
376,0.574016
376,0.574422
377,0.575096
377,0.575674
377,0.577027
377,0.579880
377,0.579999
377,0.580810
377,0.581053
377,0.581555
377,0.582481
377,0.582675
377,0.582905
377,0.583398
377,0.584584
377,0.585233
377,0.585330
377,0.588605
377,0.588649
377,0.588716
377,0.590126
378,0.591339
378,0.591529
378,0.591533
378,0.591996
378,0.592371
378,0.594275
378,0.594928
378,0.595602
378,0.595713
378,0.596352
378,0.597494
378,0.598411
378,0.601859
378,0.602472
378,0.603168
378,0.604213
378,0.604756
378,0.604919
378,0.604954
378,0.605042
378,0.605774
378,0.608464
378,0.611731
378,0.611806
378,0.612414
378,0.613265
378,0.614614
378,0.614812
379,0.617264
379,0.617952
379,0.619706
379,0.620064
379,0.620152
379,0.620482
379,0.620588
379,0.621686
379,0.621959
379,0.622863
379,0.624252
379,0.624953
379,0.625667
379,0.626615
379,0.627643
379,0.628326
379,0.628886
381,0.636046
381,0.636985
382,0.637911
383,0.638220
383,0.638846
383,0.639177
384,0.639622
385,0.640636
386,0.641518
386,0.641721
386,0.641866
387,0.643277
388,0.643528
389,0.644908
389,0.644974
390,0.646518
392,0.647567
392,0.647849
392,0.647986
393,0.648338
394,0.649454
395,0.653519
395,0.653995
396,0.654736
396,0.654771
397,0.655719
398,0.656835
398,0.656976
398,0.657597
398,0.657752
401,0.659595
401,0.659797
401,0.659850
402,0.661592
407,0.665229
408,0.665437
410,0.667050
412,0.668144
412,0.668708
412,0.668818
413,0.670000
414,0.671027
414,0.671530
415,0.672976
415,0.673346
417,0.678470
417,0.678558
417,0.678955
417,0.679942
418,0.680167
418,0.680176
418,0.680656
418,0.681053
418,0.681388
418,0.681631
418,0.682063
418,0.682098
418,0.682557
419,0.683699
419,0.683835
419,0.684788
421,0.689452
421,0.689624
421,0.689924
422,0.691172
422,0.691234
422,0.691970
423,0.694461
423,0.695078
423,0.695109
423,0.695294
423,0.695506
424,0.697750
424,0.697772
425,0.699245
425,0.700016
425,0.701158
425,0.701648
426,0.702472
426,0.703235
426,0.703874
426,0.704655
427,0.705100
427,0.706921
427,0.707005
428,0.707873
429,0.708980
429,0.709553
430,0.710995
431,0.711987
432,0.714346
433,0.715880
434,0.716480
434,0.717203
435,0.717917
436,0.719125
436,0.719134
437,0.719963
437,0.720875
438,0.722004
439,0.722458
439,0.722485
439,0.722498
440,0.723653
442,0.725007
442,0.725068
444,0.726466
445,0.726792
453,0.730831
456,0.732427
457,0.733207
458,0.733560
458,0.733957
461,0.737929
463,0.741210
464,0.741941
464,0.742219
465,0.744208
466,0.745689
467,0.746637
467,0.746686
467,0.747051
467,0.747056
468,0.748718
468,0.749560
468,0.749573
468,0.749728
470,0.752999
470,0.753206
471,0.754714
471,0.756147
472,0.756848
476,0.763153
476,0.763232
476,0.763255
476,0.763347
479,0.765724
479,0.765966
481,0.768422
482,0.769295
485,0.773316
485,0.773404
488,0.775622
489,0.776323
489,0.777064
491,0.779074
492,0.779475
492,0.779660
493,0.780511
493,0.780688
494,0.781226
496,0.783412
499,0.785820
500,0.786530
500,0.786600
501,0.787553
502,0.788487
502,0.789047
504,0.790806
505,0.791159
509,0.794955
509,0.795401
510,0.795634
511,0.797072
513,0.798954
515,0.799995
516,0.800705
516,0.800837
517,0.801582
519,0.803760
519,0.804320
520,0.804443
521,0.805832
522,0.806458
522,0.806542
522,0.806652
522,0.806877
523,0.807477
523,0.807547
523,0.808125
524,0.808403
529,0.812940
530,0.813667
530,0.814015
532,0.815484
533,0.816493
534,0.816872
535,0.817847
536,0.818508
539,0.821048
539,0.821070
539,0.821268
540,0.821859
540,0.821934
541,0.822595
541,0.822613
542,0.822864
542,0.823473
549,0.827771
553,0.829998
553,0.830139
554,0.830553
554,0.830695
556,0.831978
557,0.832626
557,0.832934
558,0.833596
559,0.834314
565,0.838648
566,0.838807
567,0.839654
569,0.841320
569,0.841536
570,0.841911
571,0.842378
572,0.842810
574,0.844407
576,0.846135
577,0.846249
577,0.846642
577,0.846849
581,0.848860
582,0.849808
583,0.850059
585,0.851743
588,0.853105
588,0.853657
591,0.855209
593,0.856170
598,0.858665
605,0.862126
606,0.862982
607,0.863356
607,0.863405
617,0.867126
618,0.867496
619,0.867633
625,0.869727
628,0.870490
628,0.870609
632,0.871914
634,0.872360
636,0.872968
644,0.875450
648,0.876341
651,0.877020
652,0.877289
658,0.878735
666,0.880609
668,0.880913
679,0.883118
685,0.884304
686,0.884378
709,0.888179
710,0.888250
716,0.889184
741,0.892791
762,0.895163
762,0.895242
766,0.895829
767,0.895855
774,0.896671
785,0.897892
808,0.900868
810,0.901221
820,0.902711
823,0.903117
834,0.904572
846,0.906185
857,0.907442
858,0.907535
859,0.907649
860,0.907755
864,0.908209
881,0.909999
891,0.911115
894,0.911362
897,0.911653
909,0.912640
915,0.913138
920,0.913601
921,0.913756
927,0.914276
963,0.916723
1046,0.921833
1049,0.921956
1146,0.925748
1146,0.925779
1179,0.926789
1183,0.926894
1283,0.929368
1295,0.929716
1300,0.929809
1304,0.929928
1383,0.931480
1384,0.931511
1389,0.931594
1594,0.934795
1726,0.936951
1745,0.937251
1847,0.938495
1983,0.939557
2139,0.940805
2216,0.941598
2756,0.949151
2778,0.949446
2806,0.949901
2843,0.950350
2885,0.950840
2890,0.950919
3061,0.952414
3413,0.954667
3635,0.957087
3668,0.957440
3747,0.958225
3995,0.960165
4435,0.961990
4629,0.962607
4734,0.963009
5424,0.965526
5884,0.967898
6130,0.970125
6141,0.970283
6176,0.970649
6195,0.970808
6212,0.970967
6364,0.972289
6382,0.972492
6389,0.972528
6505,0.973414
6511,0.973462
6539,0.973687
6554,0.973775
6711,0.974732
7207,0.976831
7397,0.977333
7798,0.978180
8062,0.978594
8375,0.979070
9006,0.979811
10182,0.981077
10981,0.981879
7503202,0.984652
7525500,0.984714
7579972,0.984886
7660455,0.985252
7663596,0.985265
7754308,0.985984
7761943,0.986076
7779507,0.986244
7794986,0.986416
7830522,0.986839
7882913,0.987650
7938239,0.988590
7951791,0.988925
7979782,0.989559
7982997,0.989626
7994022,0.989899
8016626,0.990432
8165527,0.993960
8271092,0.995979
8479724,0.998267
8492097,0.998360
8493684,0.998369
8497066,0.998395
8620003,0.998907
11503516,0.999661
249263116,0.999996
