74650.551041
13418.824490
339,0.000000
352,0.000287
355,0.001943
356,0.002913
356,0.003030
361,0.006360
362,0.006925
363,0.007791
364,0.009219
364,0.009516
364,0.009979
364,0.010321
364,0.010330
364,0.010737
364,0.012875
364,0.012942
364,0.013615
364,0.014844
364,0.016827
364,0.016855
364,0.018590
364,0.018953
364,0.019582
364,0.021113
364,0.021561
364,0.023141
364,0.024036
364,0.025106
364,0.025409
364,0.026184
364,0.026999
364,0.027221
364,0.028760
364,0.029256
364,0.031568
364,0.032517
364,0.032774
364,0.033466
364,0.035333
364,0.035618
364,0.036225
364,0.036562
364,0.037397
365,0.038304
365,0.039286
365,0.041542
365,0.043188
365,0.044671
365,0.045262
365,0.046005
365,0.046805
365,0.047262
365,0.048361
365,0.048802
365,0.049346
365,0.051117
365,0.052597
365,0.054229
365,0.056801
365,0.056851
365,0.057337
365,0.057584
365,0.059338
365,0.059379
365,0.061347
365,0.062028
365,0.062192
365,0.063013
365,0.063235
365,0.063990
365,0.064617
365,0.065202
365,0.065588
365,0.067324
365,0.069215
365,0.070876
365,0.073371
365,0.073998
365,0.076092
365,0.077631
365,0.080923
365,0.081563
365,0.081853
365,0.084070
365,0.084601
365,0.086129
365,0.087533
365,0.088020
365,0.089458
365,0.089546
366,0.091707
366,0.092760
366,0.093375
366,0.093383
366,0.093978
366,0.094199
366,0.094424
366,0.096681
366,0.096694
366,0.096837
366,0.099313
366,0.100032
366,0.100120
366,0.100290
366,0.100991
366,0.101362
366,0.104408
366,0.105024
366,0.107913
366,0.108685
366,0.108971
366,0.108982
366,0.109253
366,0.110257
366,0.110747
366,0.110784
366,0.111062
366,0.111913
366,0.113911
366,0.114252
366,0.115118
366,0.115970
366,0.117294
366,0.117593
366,0.119568
366,0.120069
366,0.120752
366,0.121164
366,0.122677
366,0.122880
366,0.123492
366,0.123808
366,0.124755
366,0.125330
366,0.128906
366,0.129345
366,0.131121
366,0.131125
366,0.131342
366,0.135271
366,0.135507
366,0.135541
366,0.136476
366,0.137786
366,0.138799
366,0.138894
366,0.138987
366,0.140443
366,0.141442
366,0.141632
366,0.141652
366,0.142503
366,0.147984
366,0.148190
366,0.148762
366,0.149529
366,0.152169
366,0.153449
366,0.154002
366,0.154127
366,0.154716
366,0.155242
366,0.155311
366,0.155666
366,0.156097
366,0.156239
366,0.156822
366,0.158785
366,0.159133
366,0.159532
366,0.160989
366,0.161163
366,0.161357
366,0.164006
366,0.165105
366,0.166102
366,0.167823
366,0.168007
367,0.169489
367,0.170765
367,0.171064
367,0.174858
367,0.175224
367,0.175632
367,0.177262
367,0.178379
367,0.179411
367,0.179632
367,0.180298
367,0.180656
367,0.181435
367,0.182500
367,0.183871
367,0.183972
367,0.184745
367,0.186167
367,0.186741
367,0.186750
367,0.187743
367,0.189143
367,0.194848
367,0.198157
367,0.199131
367,0.199509
367,0.200155
367,0.200667
367,0.201148
367,0.202153
367,0.202375
367,0.203611
367,0.208260
367,0.208361
367,0.210696
367,0.212567
367,0.213739
367,0.214250
367,0.214463
367,0.214794
367,0.215733
367,0.217551
367,0.218966
367,0.222184
367,0.222852
367,0.223341
367,0.225404
367,0.225545
367,0.226921
367,0.227248
367,0.227539
367,0.227632
367,0.228356
367,0.229198
367,0.234734
367,0.236780
367,0.237166
367,0.239541
367,0.239990
367,0.241431
367,0.242962
367,0.248135
367,0.248385
367,0.249117
367,0.250737
367,0.251666
367,0.251891
367,0.256396
367,0.258790
367,0.258986
367,0.259209
368,0.260776
368,0.261192
368,0.262145
368,0.263192
368,0.263610
368,0.264852
368,0.265036
368,0.265549
368,0.265586
368,0.266210
368,0.270220
368,0.270367
368,0.271130
368,0.271880
368,0.272272
368,0.275289
368,0.275957
368,0.277166
368,0.277357
368,0.277404
368,0.278017
368,0.279586
368,0.281205
368,0.282392
368,0.282413
368,0.283215
368,0.283839
368,0.284767
368,0.284858
368,0.288340
368,0.288708
368,0.290241
368,0.290603
368,0.290945
368,0.291372
368,0.291958
368,0.292506
368,0.296466
368,0.297415
368,0.302012
368,0.304225
368,0.304690
368,0.305028
368,0.305921
368,0.306852
368,0.309418
368,0.309942
368,0.310376
368,0.311561
368,0.312843
368,0.313518
368,0.314421
368,0.315322
368,0.316104
368,0.316590
368,0.317603
368,0.318161
368,0.318825
368,0.319407
368,0.319611
368,0.320520
368,0.323454
368,0.325877
368,0.325897
368,0.327102
368,0.327877
368,0.327952
368,0.331832
368,0.333248
368,0.334967
368,0.335285
368,0.336206
368,0.337021
368,0.337182
368,0.337556
368,0.339893
368,0.341114
368,0.341179
368,0.344028
369,0.345143
369,0.345228
369,0.345756
369,0.345967
369,0.347713
369,0.350001
369,0.350374
369,0.352034
369,0.352067
369,0.354045
369,0.355150
369,0.355537
369,0.356167
369,0.359140
369,0.359311
369,0.360737
369,0.360903
369,0.362019
369,0.362218
369,0.362339
369,0.364640
369,0.366745
369,0.367462
369,0.369480
369,0.370035
370,0.371241
370,0.371293
370,0.372915
370,0.373899
370,0.374419
370,0.375269
370,0.375435
370,0.376865
370,0.377254
370,0.378378
370,0.378729
370,0.379275
370,0.379472
370,0.383662
370,0.384287
370,0.386258
370,0.386452
370,0.386996
370,0.391173
370,0.391294
370,0.391572
370,0.392902
370,0.392954
370,0.395425
370,0.395711
370,0.396309
370,0.396944
370,0.402938
370,0.402943
370,0.404905
370,0.405872
370,0.407757
370,0.408190
370,0.408851
370,0.410180
370,0.410245
370,0.410461
370,0.410996
370,0.411508
370,0.411870
370,0.412312
370,0.412446
370,0.412696
370,0.413630
370,0.414705
370,0.415583
370,0.416110
370,0.416241
370,0.416406
370,0.417341
370,0.418715
370,0.418796
370,0.420681
370,0.421109
370,0.426921
370,0.427579
371,0.428407
371,0.428888
371,0.429701
371,0.430195
371,0.430316
371,0.431036
371,0.432077
371,0.432100
371,0.432361
371,0.433012
371,0.433142
371,0.433142
371,0.433392
371,0.434328
371,0.435950
371,0.437941
371,0.439098
371,0.439400
371,0.439421
371,0.440320
371,0.441317
371,0.441948
371,0.442622
371,0.443439
371,0.444201
371,0.445721
371,0.447255
371,0.447699
371,0.448687
371,0.449535
371,0.449730
371,0.450950
371,0.453022
371,0.457728
371,0.458011
371,0.458064
371,0.458587
371,0.460270
371,0.460283
371,0.461529
371,0.462442
371,0.462689
371,0.463406
371,0.464066
371,0.465134
371,0.465447
371,0.465495
371,0.467287
371,0.468437
371,0.468735
371,0.469214
371,0.470042
372,0.471774
372,0.473605
372,0.473710
372,0.473961
372,0.478951
372,0.479079
372,0.479196
372,0.479876
372,0.480016
372,0.480905
372,0.481252
372,0.484209
372,0.485374
372,0.487391
372,0.487629
372,0.488264
372,0.488412
372,0.488886
372,0.489533
372,0.489616
372,0.489687
372,0.490180
372,0.490255
372,0.490518
372,0.491507
372,0.491650
372,0.492628
372,0.492853
372,0.494111
372,0.494799
372,0.496238
372,0.496727
372,0.496974
372,0.497079
372,0.497174
372,0.498271
372,0.498534
372,0.500462
372,0.500495
372,0.500561
372,0.500713
372,0.501865
372,0.502661
372,0.503799
372,0.505239
372,0.505864
372,0.507569
372,0.509590
372,0.512041
372,0.512371
372,0.514734
372,0.515258
372,0.515489
372,0.515802
372,0.515872
372,0.516165
373,0.519598
373,0.523319
373,0.523658
373,0.524233
373,0.525689
373,0.526183
373,0.526669
373,0.526984
373,0.527669
373,0.528778
373,0.528905
373,0.529858
373,0.530813
373,0.531332
373,0.535001
373,0.536491
373,0.536888
373,0.538330
373,0.540566
373,0.543375
373,0.544070
373,0.545184
373,0.545965
373,0.546060
373,0.546207
373,0.547011
373,0.547133
373,0.547478
373,0.552207
373,0.553586
373,0.553841
373,0.554069
373,0.554495
373,0.555294
373,0.555967
373,0.556017
373,0.556263
373,0.556660
373,0.558294
373,0.558310
373,0.562351
373,0.564382
374,0.565844
374,0.568409
374,0.570760
374,0.571771
374,0.572471
374,0.572778
374,0.572908
374,0.573712
374,0.576991
374,0.577693
374,0.578725
374,0.579677
374,0.581037
374,0.582126
374,0.583037
374,0.585265
374,0.587144
374,0.588226
374,0.588426
374,0.590624
374,0.590755
374,0.591098
374,0.592252
374,0.592945
374,0.592990
374,0.593037
374,0.593081
374,0.593262
374,0.594506
374,0.594591
374,0.594920
374,0.595099
374,0.596090
374,0.596934
374,0.597792
374,0.599363
374,0.600503
374,0.600864
374,0.601227
374,0.601892
374,0.602698
374,0.602867
374,0.602997
374,0.603144
374,0.604247
374,0.604260
374,0.604367
374,0.604670
374,0.608457
374,0.608566
374,0.609088
374,0.609645
374,0.610973
374,0.611109
375,0.612787
375,0.613879
375,0.613950
375,0.617668
375,0.618255
375,0.618585
375,0.619396
375,0.619735
375,0.621543
375,0.621548
375,0.622428
375,0.623938
375,0.624461
375,0.625431
375,0.626908
375,0.627225
375,0.627587
375,0.630484
375,0.630633
375,0.631353
375,0.632335
375,0.632512
375,0.634496
375,0.634946
375,0.636369
375,0.636830
375,0.638799
375,0.639246
375,0.639964
375,0.642849
375,0.643342
375,0.644385
375,0.644669
375,0.645457
375,0.645692
375,0.646813
375,0.647670
376,0.649673
376,0.649995
376,0.650586
376,0.650717
376,0.651809
376,0.653119
376,0.654205
376,0.655168
376,0.655228
376,0.655926
376,0.656795
376,0.657614
376,0.659740
376,0.660856
377,0.663468
377,0.666804
377,0.667254
377,0.667505
377,0.670911
377,0.671213
377,0.674744
377,0.676335
377,0.676407
377,0.677942
377,0.679230
377,0.680377
377,0.682655
378,0.683057
378,0.683532
378,0.683536
378,0.683689
378,0.684269
378,0.685168
378,0.686562
378,0.687798
378,0.688080
378,0.688773
378,0.692413
378,0.694425
378,0.694548
378,0.696039
378,0.696223
378,0.698583
379,0.699779
379,0.700183
379,0.700252
379,0.700936
379,0.701572
379,0.701778
379,0.701944
379,0.702203
379,0.703216
379,0.703307
379,0.703443
379,0.703659
379,0.704474
379,0.704798
379,0.705133
379,0.705908
379,0.705939
379,0.706134
379,0.706426
379,0.706595
379,0.708034
379,0.708567
379,0.709290
379,0.711173
379,0.711470
379,0.714181
379,0.714542
379,0.715244
379,0.715325
379,0.715782
379,0.716148
379,0.717333
380,0.721100
380,0.721715
380,0.722498
380,0.722583
380,0.724279
380,0.726100
380,0.729526
380,0.730231
380,0.730455
380,0.731576
380,0.732796
380,0.732811
380,0.733946
380,0.734222
380,0.734403
380,0.734749
380,0.735147
381,0.737212
381,0.737319
381,0.737566
381,0.739046
381,0.739564
381,0.740061
381,0.740755
381,0.741062
381,0.741353
381,0.742375
381,0.742950
381,0.743943
381,0.744894
381,0.745764
381,0.745766
381,0.746940
381,0.748495
381,0.749040
381,0.749516
381,0.749732
382,0.753027
382,0.754788
382,0.755296
382,0.758554
383,0.760110
396,0.762914
401,0.763554
408,0.764462
415,0.765808
415,0.766048
416,0.766865
417,0.767189
417,0.767298
418,0.767900
420,0.769691
420,0.770263
425,0.774637
427,0.777044
427,0.777661
427,0.777752
428,0.778190
429,0.779573
436,0.783553
437,0.783996
439,0.785106
453,0.789540
455,0.790046
457,0.791058
459,0.791894
460,0.792622
460,0.792835
462,0.794205
462,0.794259
462,0.794456
462,0.794896
463,0.795541
463,0.795848
463,0.796046
465,0.797659
465,0.798084
467,0.800894
468,0.802044
469,0.803416
470,0.806144
471,0.807815
472,0.808789
472,0.809915
472,0.810134
472,0.810374
475,0.815497
475,0.815866
477,0.818772
478,0.820137
478,0.820348
478,0.820454
480,0.822132
480,0.822330
480,0.823382
481,0.823840
481,0.823881
481,0.824069
481,0.824299
482,0.825356
483,0.827106
483,0.828065
483,0.828158
484,0.829807
486,0.831403
486,0.831791
487,0.832809
488,0.835126
488,0.835514
489,0.836067
489,0.836198
490,0.837513
491,0.838524
492,0.840244
494,0.842354
494,0.842364
494,0.842847
494,0.843024
494,0.843372
496,0.845174
496,0.845827
496,0.846080
498,0.847963
499,0.849237
500,0.851742
501,0.852097
502,0.854351
503,0.855214
503,0.855711
504,0.856592
505,0.857642
506,0.859150
506,0.859562
507,0.861660
508,0.862088
508,0.862575
508,0.862642
510,0.864605
510,0.865509
512,0.868024
513,0.869138
513,0.869651
514,0.870080
514,0.870451
514,0.870618
515,0.871291
516,0.873428
517,0.874172
517,0.874697
518,0.876206
519,0.877456
519,0.877577
519,0.877714
520,0.878847
520,0.879720
521,0.879946
522,0.882547
523,0.883026
523,0.883515
523,0.883926
523,0.883985
523,0.884178
524,0.884943
524,0.885496
524,0.885708
526,0.887214
526,0.887407
526,0.888132
529,0.891386
529,0.891575
531,0.894125
532,0.895122
534,0.897051
534,0.897476
535,0.898117
535,0.898504
537,0.899702
538,0.901304
538,0.901435
539,0.902027
540,0.903108
540,0.903440
541,0.903768
542,0.904715
543,0.905877
544,0.906878
547,0.909793
548,0.910849
549,0.911062
549,0.911295
552,0.913861
554,0.915374
555,0.916542
555,0.916874
556,0.917309
556,0.917461
556,0.917732
557,0.917952
557,0.918189
558,0.918964
562,0.922687
562,0.923342
563,0.923816
563,0.924069
564,0.925140
565,0.925352
565,0.925574
566,0.926114
566,0.926346
566,0.926368
567,0.927194
569,0.928943
574,0.933031
574,0.933208
575,0.933757
578,0.935899
578,0.936265
580,0.937373
580,0.937867
580,0.938013
581,0.938950
583,0.940306
585,0.941437
586,0.942258
587,0.943195
587,0.943404
587,0.943442
587,0.943476
589,0.944729
591,0.946410
592,0.947040
594,0.948310
596,0.949499
597,0.949924
597,0.950045
597,0.950141
600,0.952034
600,0.952411
605,0.955063
606,0.955982
607,0.956142
608,0.956821
610,0.957470
618,0.960789
623,0.962505
630,0.964803
630,0.964819
635,0.966316
641,0.968331
646,0.969480
665,0.973368
673,0.974503
677,0.975022
694,0.977324
704,0.978284
724,0.980097
749,0.981510
777,0.982461
791,0.982837
811,0.983438
916,0.986100
1004,0.987172
1057,0.987675
1243,0.988879
1332,0.989277
1816,0.990782
1985,0.991088
2441,0.991623
2718,0.992055
4942,0.994150
5003,0.994220
5109,0.994345
5967,0.995390
6759,0.996610
6858,0.996713
8197428,0.999803
248610203,1.000000
