26435.065869
37964.355865
356,0.000000
368,0.000873
369,0.001596
369,0.001884
369,0.003521
369,0.003797
369,0.005302
369,0.007030
369,0.007871
369,0.008806
370,0.010993
370,0.011264
370,0.011527
370,0.013278
370,0.014903
370,0.017861
370,0.019202
370,0.020661
370,0.023710
370,0.024509
370,0.026287
370,0.026649
370,0.030343
370,0.030548
370,0.030569
370,0.031645
370,0.032168
370,0.033275
370,0.035056
370,0.035168
370,0.035569
370,0.036056
370,0.037525
370,0.037786
370,0.038200
370,0.038413
370,0.038754
370,0.038829
370,0.040924
370,0.041529
370,0.042325
370,0.042820
370,0.044832
370,0.047553
370,0.049191
370,0.049692
370,0.051038
370,0.052848
370,0.053542
370,0.053785
370,0.054119
370,0.055579
370,0.056269
370,0.056387
370,0.056633
370,0.056835
370,0.059248
370,0.061358
370,0.061368
370,0.061661
370,0.063470
370,0.065617
370,0.065836
370,0.066066
370,0.067810
370,0.068504
370,0.068585
370,0.069141
370,0.070306
370,0.070317
370,0.070397
370,0.075897
370,0.077274
370,0.078481
370,0.079528
370,0.080553
370,0.081286
370,0.081896
370,0.082393
370,0.082455
370,0.082827
370,0.083051
370,0.083139
370,0.084023
370,0.084035
370,0.084615
370,0.085370
370,0.085464
370,0.085940
370,0.087086
370,0.087940
370,0.088305
370,0.091252
370,0.091847
370,0.097580
370,0.098547
370,0.098633
370,0.099656
370,0.099845
370,0.100855
371,0.102350
371,0.103960
371,0.104026
371,0.106975
371,0.107896
371,0.109183
371,0.109362
371,0.109871
371,0.111872
371,0.113066
371,0.118832
371,0.118917
371,0.120337
371,0.120632
371,0.120701
371,0.121075
371,0.121478
371,0.124023
371,0.124768
371,0.126847
371,0.127187
371,0.131181
371,0.136290
371,0.136664
371,0.137428
371,0.137557
371,0.138259
371,0.138720
371,0.139019
371,0.140157
371,0.140326
371,0.142561
371,0.143179
371,0.143239
371,0.144058
371,0.144564
371,0.146875
371,0.149479
371,0.150404
371,0.151152
371,0.151186
371,0.152456
371,0.154120
371,0.154263
371,0.157255
371,0.157678
371,0.158186
371,0.160164
371,0.160185
371,0.161031
371,0.161908
371,0.162613
371,0.163267
371,0.163523
371,0.165147
371,0.165706
371,0.168802
371,0.172016
371,0.173893
371,0.174212
371,0.174519
371,0.175604
371,0.175948
371,0.175956
371,0.176241
371,0.176269
371,0.177955
371,0.178689
372,0.179478
372,0.179841
372,0.180823
372,0.181429
372,0.183403
372,0.184273
372,0.186674
372,0.187502
372,0.189343
372,0.190486
372,0.192491
372,0.193817
372,0.193832
372,0.194590
372,0.195191
372,0.195924
372,0.196501
372,0.196543
372,0.198061
372,0.198298
372,0.200012
372,0.201542
372,0.202025
372,0.203950
372,0.204075
372,0.204172
372,0.204309
372,0.204815
372,0.206647
372,0.208639
372,0.208675
372,0.209190
372,0.209584
372,0.209614
372,0.211271
372,0.212673
372,0.214407
372,0.215482
372,0.216111
372,0.216394
372,0.217180
372,0.219026
372,0.219253
372,0.219396
372,0.221493
372,0.224131
372,0.226040
372,0.228254
372,0.228377
372,0.229208
372,0.230331
372,0.230944
372,0.233179
372,0.234225
372,0.236816
372,0.237118
372,0.237158
372,0.237482
372,0.237881
372,0.238344
372,0.239181
372,0.242011
372,0.242178
372,0.243453
372,0.244664
372,0.244943
372,0.245326
372,0.246035
372,0.247462
372,0.247860
372,0.248070
372,0.249345
372,0.249533
372,0.250361
372,0.251114
372,0.251283
372,0.252041
372,0.252976
372,0.253894
373,0.255492
373,0.256168
373,0.256214
373,0.256931
373,0.257832
373,0.258716
373,0.261798
373,0.264338
373,0.264994
373,0.265199
373,0.265720
373,0.268217
373,0.269285
373,0.271899
373,0.272003
373,0.272807
373,0.273647
373,0.274004
373,0.274131
373,0.274763
373,0.275308
373,0.277432
373,0.277875
373,0.278118
373,0.282476
373,0.282819
373,0.283859
373,0.286987
373,0.287681
373,0.289349
373,0.289646
373,0.291452
373,0.291568
373,0.292230
373,0.292312
373,0.295930
373,0.298678
373,0.298723
373,0.299597
373,0.299630
373,0.300618
373,0.302707
373,0.303269
373,0.303319
373,0.303445
374,0.307245
374,0.307449
374,0.308524
374,0.309889
374,0.310601
374,0.310745
374,0.311596
374,0.312584
374,0.313056
374,0.315098
374,0.315282
374,0.315649
374,0.316015
374,0.316245
374,0.317288
374,0.318346
374,0.318901
374,0.319208
374,0.319359
374,0.320048
374,0.320436
374,0.321303
374,0.321427
374,0.322452
374,0.324942
374,0.326246
374,0.326453
374,0.327309
374,0.327646
374,0.329032
375,0.333879
376,0.334431
376,0.335236
376,0.335528
376,0.337433
376,0.337799
376,0.338122
376,0.338264
376,0.338655
376,0.339270
376,0.340453
376,0.341826
376,0.342968
376,0.344284
376,0.344641
376,0.345186
376,0.346558
376,0.346954
376,0.347336
376,0.347529
376,0.349560
377,0.349974
377,0.350937
377,0.352884
377,0.353672
377,0.353688
377,0.353900
377,0.354354
377,0.355307
377,0.356311
377,0.356705
377,0.357085
377,0.357283
377,0.360540
377,0.361184
377,0.362860
377,0.363749
377,0.365900
377,0.366315
377,0.366653
377,0.366800
377,0.367470
377,0.368717
377,0.375624
377,0.377878
377,0.379338
377,0.381350
377,0.381856
377,0.381975
377,0.383178
377,0.384442
377,0.385869
377,0.387595
377,0.387698
377,0.388418
377,0.389366
377,0.389416
377,0.389512
377,0.389856
377,0.391641
377,0.391680
377,0.392829
377,0.392917
377,0.392994
377,0.394056
377,0.394218
377,0.398452
377,0.398542
377,0.401783
377,0.405998
377,0.406254
377,0.406882
377,0.407035
377,0.407374
377,0.407781
377,0.408132
377,0.408827
377,0.409773
377,0.410194
377,0.410264
377,0.411488
377,0.412001
377,0.414764
377,0.415852
377,0.416649
377,0.418825
377,0.418907
377,0.419462
377,0.420498
377,0.420746
377,0.423026
377,0.423895
377,0.424906
377,0.424910
378,0.426604
378,0.427010
378,0.427362
378,0.427539
378,0.432391
378,0.433171
378,0.437384
378,0.439082
378,0.439132
378,0.439559
378,0.441943
378,0.442448
378,0.442970
378,0.443051
378,0.443681
378,0.444434
378,0.444487
378,0.445207
378,0.446245
378,0.448341
378,0.449762
378,0.449858
378,0.450478
378,0.451289
378,0.453455
378,0.454731
378,0.454861
378,0.455320
378,0.456566
378,0.457019
378,0.458293
378,0.461317
378,0.463000
378,0.463474
378,0.463662
378,0.464117
378,0.465385
378,0.467246
378,0.468344
378,0.468539
378,0.469154
378,0.469259
378,0.470227
378,0.472371
378,0.475220
378,0.475842
378,0.476282
378,0.476323
378,0.476406
378,0.476409
378,0.476846
378,0.477308
378,0.478278
378,0.478843
378,0.480017
378,0.481301
378,0.481495
378,0.482512
378,0.482540
378,0.483725
378,0.486511
378,0.488254
378,0.488399
378,0.491889
378,0.493937
379,0.495630
379,0.496732
379,0.497089
379,0.499172
379,0.499373
379,0.499375
379,0.500314
379,0.500605
379,0.501237
379,0.501892
379,0.502072
379,0.502251
379,0.502296
379,0.502433
379,0.503190
379,0.504817
379,0.506004
379,0.509543
379,0.509730
379,0.509958
379,0.511562
379,0.513287
379,0.514949
379,0.515017
379,0.515111
379,0.515118
379,0.515687
379,0.516180
379,0.517269
379,0.521156
379,0.521418
379,0.521818
379,0.522121
379,0.523778
379,0.526321
379,0.526464
379,0.527279
379,0.527675
379,0.528234
379,0.528606
379,0.529824
379,0.529949
379,0.530001
379,0.530195
379,0.530354
379,0.530559
379,0.531079
379,0.532095
379,0.533313
379,0.533757
379,0.533844
379,0.536097
379,0.536214
379,0.536324
379,0.537084
379,0.537315
379,0.538538
379,0.540231
379,0.540250
379,0.540827
379,0.540891
379,0.542100
379,0.544035
379,0.544976
379,0.545179
379,0.545223
379,0.545614
379,0.546189
379,0.546294
379,0.546352
379,0.548226
379,0.551033
379,0.551733
379,0.552062
379,0.553241
379,0.553377
379,0.553484
379,0.554543
379,0.554553
379,0.554596
379,0.555873
379,0.557345
379,0.558640
379,0.559195
379,0.559967
379,0.560533
379,0.561182
379,0.561524
379,0.565450
379,0.565638
379,0.566761
380,0.567696
380,0.568214
380,0.569100
380,0.569226
380,0.570810
380,0.571698
380,0.572940
380,0.575413
380,0.577042
380,0.577933
380,0.578896
380,0.579097
380,0.580304
380,0.580322
380,0.583126
380,0.583221
380,0.583943
380,0.584104
380,0.584128
380,0.585910
380,0.586993
380,0.587850
380,0.587888
380,0.588368
380,0.590665
380,0.591913
380,0.592467
380,0.592998
380,0.593109
380,0.594625
380,0.594859
380,0.595054
380,0.596624
380,0.596772
380,0.597243
380,0.597777
380,0.597792
381,0.602083
381,0.602462
381,0.602762
381,0.603540
382,0.606330
383,0.607309
383,0.607415
383,0.609064
383,0.610556
383,0.611584
383,0.611692
383,0.612741
383,0.613628
383,0.614330
383,0.615557
383,0.617009
383,0.617478
383,0.618300
383,0.619136
383,0.619914
383,0.620628
383,0.621861
383,0.622097
383,0.622820
383,0.623138
384,0.623539
384,0.624072
384,0.624358
384,0.627444
384,0.627959
384,0.632587
384,0.634916
384,0.634954
384,0.635841
384,0.635876
384,0.638111
384,0.638424
384,0.639376
384,0.639418
384,0.640067
384,0.641121
384,0.642058
384,0.642669
384,0.645326
384,0.645679
384,0.649370
384,0.649856
384,0.650215
384,0.650374
384,0.650486
384,0.651250
384,0.652040
384,0.653487
384,0.653697
384,0.655727
384,0.656649
384,0.656965
384,0.657149
384,0.657199
384,0.657875
385,0.660489
385,0.660814
385,0.661556
385,0.661830
385,0.662562
385,0.663268
385,0.663759
385,0.664141
385,0.664224
385,0.666392
385,0.667292
385,0.667333
385,0.667367
385,0.667393
385,0.667424
385,0.667692
385,0.668383
385,0.669232
385,0.672469
385,0.673224
385,0.673434
385,0.674887
385,0.676448
385,0.679362
385,0.679666
385,0.680375
385,0.681430
385,0.683878
385,0.684211
385,0.684735
385,0.684877
385,0.685129
385,0.685544
385,0.685951
385,0.686042
385,0.687580
385,0.687898
385,0.688351
385,0.688726
385,0.688811
385,0.693519
385,0.694648
385,0.695268
386,0.695735
386,0.696141
386,0.696236
386,0.697596
386,0.697704
386,0.697914
386,0.697941
386,0.698460
386,0.699672
386,0.700523
386,0.701110
386,0.701573
386,0.702252
386,0.703265
386,0.703570
386,0.705538
386,0.706367
386,0.707531
386,0.709176
386,0.710784
386,0.711512
386,0.712885
386,0.713932
386,0.715035
386,0.715280
386,0.716832
386,0.719470
386,0.719482
386,0.720082
386,0.721577
386,0.724114
386,0.724697
386,0.725871
387,0.730384
387,0.731304
415,0.736438
420,0.737044
422,0.738582
423,0.739384
424,0.739905
424,0.740056
425,0.740769
428,0.743266
429,0.744728
429,0.744773
429,0.745298
429,0.745757
430,0.746147
430,0.746172
431,0.748675
432,0.750133
432,0.751106
434,0.753228
434,0.753908
435,0.755143
435,0.755314
435,0.755548
436,0.755864
436,0.756219
440,0.758168
442,0.758401
449,0.760127
453,0.761433
453,0.761532
458,0.763640
460,0.764254
462,0.765378
464,0.766632
465,0.767201
465,0.767443
465,0.767584
466,0.768855
467,0.769042
468,0.769975
468,0.770164
468,0.770770
469,0.770963
469,0.771513
470,0.772091
470,0.772261
473,0.776384
474,0.777983
475,0.779832
475,0.781308
476,0.782322
477,0.784428
477,0.784625
477,0.785051
478,0.786854
479,0.790699
480,0.792901
480,0.793038
480,0.793832
481,0.796184
484,0.802592
485,0.803219
485,0.803499
486,0.805753
487,0.807215
487,0.807564
487,0.808060
488,0.808771
489,0.810815
490,0.812031
490,0.812154
490,0.812817
490,0.813148
491,0.813640
491,0.814020
491,0.814307
492,0.815369
493,0.817691
493,0.817773
494,0.819410
494,0.819877
495,0.820629
495,0.822125
496,0.822382
496,0.823599
497,0.825613
498,0.825971
498,0.826087
498,0.826433
498,0.826487
499,0.827517
499,0.827784
501,0.832067
502,0.833776
502,0.834002
503,0.834447
504,0.836408
505,0.838016
505,0.838076
506,0.840699
507,0.841627
507,0.841700
508,0.842619
508,0.843580
509,0.844326
509,0.844435
509,0.844677
509,0.844921
509,0.845693
509,0.845698
511,0.847622
511,0.847677
511,0.847972
511,0.848529
512,0.850494
513,0.851367
513,0.851419
513,0.851430
514,0.852843
515,0.854596
516,0.855629
516,0.855996
517,0.858928
518,0.860025
519,0.862054
519,0.862413
520,0.864517
521,0.865718
521,0.865996
521,0.866591
522,0.866881
525,0.873062
526,0.873741
526,0.873873
528,0.876557
528,0.876935
528,0.877368
530,0.879721
530,0.879793
532,0.881744
533,0.883299
534,0.884611
535,0.885945
535,0.886291
538,0.889756
539,0.890376
539,0.890538
542,0.894400
547,0.899898
548,0.900853
549,0.901182
549,0.901383
549,0.901670
550,0.902663
551,0.903362
553,0.905583
554,0.906502
555,0.907622
555,0.907893
556,0.908607
557,0.909404
560,0.912740
561,0.914039
563,0.915551
563,0.915737
563,0.915766
564,0.916668
564,0.916858
565,0.917811
565,0.917835
567,0.919957
567,0.920509
568,0.921306
569,0.921919
569,0.922203
569,0.922378
570,0.923161
570,0.923277
572,0.924896
573,0.925421
573,0.926054
574,0.926423
576,0.928261
577,0.929052
578,0.930040
578,0.930720
579,0.930999
579,0.931482
582,0.934063
582,0.934105
586,0.937433
587,0.938082
587,0.938576
590,0.940484
590,0.940580
592,0.941959
592,0.942336
593,0.943183
594,0.944000
596,0.944846
596,0.945139
598,0.946713
599,0.947628
601,0.948776
601,0.949113
602,0.949520
603,0.950555
607,0.952945
607,0.953111
612,0.955120
615,0.956774
616,0.957269
621,0.959230
622,0.960048
625,0.961135
625,0.961256
626,0.961588
627,0.961742
632,0.963888
633,0.964365
636,0.965358
642,0.967457
643,0.967982
648,0.969535
653,0.970695
658,0.971631
664,0.972896
673,0.974623
676,0.975027
683,0.976428
693,0.977806
696,0.978130
701,0.978698
704,0.979118
711,0.979838
713,0.980017
763,0.983609
840,0.986273
845,0.986451
935,0.988280
992,0.988862
1002,0.988955
1092,0.989725
1832,0.992545
1892,0.992652
2424,0.993287
4696,0.995012
5914,0.996022
6180,0.996321
6271,0.996442
6866,0.996992
6896,0.997017
7272,0.997247
9926,0.998224
139502046,0.999999
