29895.732960
33559.289191
354,0.000000
364,0.003684
364,0.006234
365,0.008932
365,0.010025
365,0.011056
365,0.012363
365,0.015399
365,0.016530
365,0.018385
365,0.020138
365,0.021373
365,0.022430
365,0.025327
365,0.026313
365,0.026459
365,0.026738
365,0.026771
365,0.028437
365,0.029610
365,0.031852
365,0.032381
365,0.032488
365,0.035688
365,0.038144
365,0.041288
365,0.041685
365,0.045282
365,0.045400
365,0.045410
365,0.046255
365,0.046290
365,0.049406
365,0.049412
365,0.050215
365,0.050258
365,0.051333
365,0.051672
365,0.052153
365,0.052279
365,0.055833
365,0.056476
365,0.057780
365,0.058181
366,0.059226
366,0.060339
366,0.060464
366,0.062659
366,0.062768
366,0.063600
366,0.064893
366,0.065464
366,0.065552
366,0.065689
366,0.069778
366,0.072247
366,0.078143
366,0.078219
366,0.079841
366,0.080954
366,0.081264
366,0.081363
366,0.082760
366,0.082947
366,0.083821
366,0.088710
366,0.090873
366,0.090939
366,0.091202
366,0.093787
366,0.093892
366,0.097514
366,0.098043
366,0.098343
366,0.098607
366,0.098719
366,0.100421
366,0.101347
366,0.101718
366,0.101926
366,0.102268
366,0.102909
366,0.104811
366,0.105372
366,0.106921
366,0.107066
366,0.107266
366,0.107480
366,0.108454
366,0.109412
366,0.111142
366,0.111950
366,0.113901
366,0.114083
366,0.120154
366,0.121350
366,0.122209
366,0.122666
366,0.123262
366,0.123638
366,0.124415
366,0.124557
366,0.125185
366,0.125217
366,0.125740
366,0.126239
366,0.126531
366,0.126858
366,0.127555
366,0.129115
366,0.129965
366,0.130075
366,0.130538
366,0.133190
367,0.133582
367,0.134570
367,0.134952
367,0.135692
367,0.135993
367,0.136234
367,0.137570
367,0.140016
367,0.141597
367,0.142192
367,0.142717
367,0.143889
367,0.144181
367,0.145079
367,0.146391
367,0.146700
367,0.146891
367,0.148439
367,0.149756
367,0.149911
367,0.150569
367,0.152016
367,0.153298
367,0.155938
367,0.157236
367,0.157306
367,0.157860
367,0.158534
367,0.158752
367,0.160062
367,0.161678
367,0.162029
367,0.165595
367,0.170452
367,0.170912
367,0.172723
367,0.174786
367,0.175303
367,0.176233
367,0.177089
367,0.178673
367,0.178792
367,0.180177
367,0.180455
367,0.181312
367,0.182554
367,0.184899
367,0.185046
367,0.185645
367,0.185833
367,0.187929
367,0.188433
367,0.190046
367,0.190815
367,0.190857
367,0.191468
367,0.191982
367,0.192151
367,0.193058
367,0.193207
367,0.194718
367,0.197033
367,0.197179
367,0.198491
367,0.198724
367,0.198923
367,0.199647
367,0.200388
367,0.200441
367,0.200485
367,0.202094
367,0.202382
367,0.205282
368,0.209355
368,0.210134
368,0.210781
368,0.211061
368,0.211511
368,0.212238
368,0.213322
368,0.213434
368,0.214155
368,0.215017
368,0.218101
368,0.218844
368,0.218882
368,0.219072
368,0.220435
368,0.220780
368,0.221219
368,0.223366
368,0.223414
368,0.223416
368,0.224883
368,0.225293
368,0.227068
368,0.227293
368,0.227866
368,0.229207
368,0.231560
368,0.231763
368,0.233460
368,0.234049
368,0.234649
368,0.237537
368,0.237846
368,0.238704
368,0.239965
368,0.240291
368,0.240508
368,0.240963
368,0.241997
368,0.242406
368,0.244870
368,0.247787
368,0.248196
368,0.248824
368,0.250093
368,0.250312
368,0.251913
368,0.253242
368,0.254619
368,0.255475
368,0.255848
368,0.256933
368,0.257060
368,0.257983
368,0.263163
368,0.263281
368,0.263611
368,0.263743
368,0.264178
368,0.264739
368,0.265229
368,0.266163
368,0.267291
368,0.268928
368,0.270933
368,0.271596
368,0.271763
368,0.272489
368,0.273750
368,0.273815
368,0.274525
368,0.275523
368,0.276768
368,0.279108
368,0.279776
368,0.280325
368,0.280415
368,0.280537
368,0.280918
368,0.281251
368,0.283446
368,0.283880
369,0.285734
369,0.286102
369,0.289636
369,0.289879
369,0.291214
369,0.291741
369,0.292590
369,0.294358
369,0.295880
369,0.299331
369,0.299510
369,0.299631
369,0.299696
369,0.300131
369,0.300468
369,0.303034
369,0.303297
369,0.303926
369,0.304490
369,0.306651
369,0.309082
369,0.310318
369,0.311483
369,0.311797
369,0.313883
369,0.314529
369,0.315089
369,0.315889
369,0.317065
369,0.318533
369,0.319271
369,0.321484
369,0.325391
369,0.326855
369,0.327787
369,0.327901
369,0.328822
369,0.329124
369,0.331814
369,0.331896
369,0.333072
369,0.333590
369,0.333924
369,0.334577
369,0.335270
369,0.336244
369,0.336811
369,0.338154
369,0.340688
369,0.341693
369,0.342642
369,0.343528
369,0.344114
369,0.346641
369,0.347201
369,0.347342
369,0.347873
369,0.349356
370,0.350785
370,0.350880
370,0.351186
370,0.352023
370,0.353598
370,0.354427
370,0.354571
370,0.354999
370,0.355051
370,0.355337
370,0.355587
370,0.356814
370,0.358051
370,0.358353
370,0.358479
370,0.358824
370,0.358888
370,0.359074
370,0.359439
370,0.359892
371,0.362595
371,0.364115
371,0.365263
371,0.366470
371,0.367797
371,0.367857
371,0.368679
371,0.368786
371,0.369184
371,0.369333
371,0.369596
371,0.370026
371,0.370224
371,0.370681
371,0.373904
371,0.374393
371,0.374583
371,0.374714
371,0.374779
371,0.375409
371,0.375623
371,0.375811
371,0.376065
371,0.376399
371,0.376664
371,0.377049
371,0.378145
371,0.378729
371,0.379139
371,0.379610
371,0.384058
371,0.384296
371,0.384829
371,0.387460
371,0.388714
371,0.388730
371,0.390943
371,0.392461
371,0.392736
372,0.393440
372,0.393542
372,0.395020
372,0.395943
372,0.398024
372,0.398380
372,0.399565
372,0.400185
372,0.400241
372,0.400481
372,0.401216
372,0.401255
372,0.401596
372,0.402014
372,0.402095
372,0.404800
372,0.405010
372,0.405195
372,0.405232
372,0.405716
372,0.405717
372,0.406876
372,0.409510
372,0.410283
372,0.410288
372,0.410488
372,0.410500
372,0.412157
372,0.412405
372,0.412455
372,0.412885
372,0.414107
372,0.414867
372,0.415953
372,0.416639
372,0.418715
372,0.419321
372,0.420921
372,0.421882
372,0.422101
372,0.423876
372,0.424771
372,0.426256
372,0.428533
372,0.428852
372,0.430462
372,0.432904
372,0.433965
372,0.435437
372,0.435929
372,0.436746
372,0.438646
372,0.439419
372,0.440420
372,0.440521
372,0.441489
372,0.442335
372,0.442956
372,0.444940
372,0.445746
372,0.446520
372,0.447782
372,0.448369
372,0.449126
373,0.451326
373,0.451415
373,0.453848
373,0.453925
373,0.455200
373,0.455351
373,0.456448
373,0.457087
373,0.457112
373,0.458066
373,0.461608
373,0.461642
373,0.462371
373,0.462566
373,0.463105
373,0.464053
373,0.464895
373,0.465763
373,0.466406
373,0.468083
373,0.468236
373,0.471948
373,0.472175
373,0.472885
373,0.473362
373,0.473839
373,0.475474
373,0.476291
373,0.477763
373,0.478702
373,0.479132
373,0.479154
373,0.481924
373,0.482153
373,0.482228
373,0.482511
373,0.484324
373,0.484416
373,0.485770
373,0.486216
373,0.488725
373,0.489625
373,0.493127
373,0.494810
373,0.494885
373,0.498685
373,0.500085
373,0.500345
373,0.500813
373,0.501039
373,0.501066
373,0.501723
373,0.501850
373,0.501966
373,0.504503
373,0.505915
373,0.506428
373,0.507053
373,0.507138
373,0.510134
373,0.510322
374,0.511685
374,0.513361
374,0.516330
374,0.516451
374,0.516927
374,0.517500
374,0.517685
374,0.518663
374,0.519322
374,0.519591
374,0.520830
374,0.521118
374,0.523012
374,0.524342
374,0.525720
374,0.525982
374,0.528079
374,0.528546
374,0.528934
374,0.532240
374,0.532577
374,0.532607
374,0.533534
374,0.534336
374,0.534970
374,0.535033
374,0.535391
374,0.535971
374,0.536232
374,0.536427
374,0.537760
374,0.539836
374,0.540135
374,0.540302
374,0.542633
374,0.543711
374,0.545075
374,0.545212
374,0.546562
374,0.547388
374,0.547443
374,0.548879
374,0.548955
374,0.552406
374,0.553421
374,0.553887
374,0.554187
374,0.555098
374,0.556060
374,0.556459
374,0.556675
374,0.557533
374,0.559403
374,0.559664
375,0.566862
375,0.567128
375,0.568279
375,0.569071
375,0.573425
375,0.573809
375,0.575176
375,0.578611
375,0.578658
375,0.580033
375,0.581810
375,0.582680
375,0.583354
375,0.583586
375,0.585582
375,0.586256
375,0.586884
375,0.586913
375,0.589062
375,0.589084
375,0.589104
375,0.590524
375,0.590679
375,0.591027
375,0.591987
375,0.594041
375,0.595688
375,0.596671
375,0.597574
375,0.598859
375,0.599010
375,0.601414
375,0.601783
375,0.603109
375,0.604737
375,0.605414
375,0.606393
375,0.606444
375,0.607002
376,0.608171
376,0.609262
376,0.609575
376,0.611860
376,0.612624
376,0.613656
376,0.613999
376,0.614923
376,0.615075
376,0.615180
376,0.616097
376,0.616563
376,0.616619
376,0.617798
376,0.619308
376,0.619943
376,0.620253
376,0.620444
376,0.624238
376,0.624834
377,0.627279
377,0.627897
377,0.628600
377,0.629399
377,0.629978
377,0.630476
377,0.630611
378,0.633207
378,0.633387
378,0.633480
378,0.634632
378,0.634688
378,0.634693
378,0.636491
378,0.636854
378,0.637218
378,0.637913
378,0.639542
378,0.639759
378,0.640003
378,0.640975
378,0.641421
378,0.641526
378,0.642041
378,0.642438
378,0.642868
378,0.643676
378,0.643984
378,0.644628
378,0.644811
378,0.645069
378,0.646605
378,0.647449
379,0.649612
379,0.650790
379,0.651431
379,0.651600
379,0.651603
379,0.651776
379,0.652513
379,0.654868
379,0.656162
379,0.656449
379,0.658753
379,0.660553
379,0.661560
379,0.662192
379,0.663367
379,0.663835
379,0.664526
379,0.665291
379,0.666698
379,0.667623
379,0.668380
379,0.669477
379,0.670533
379,0.670545
379,0.672091
379,0.672484
379,0.674927
379,0.674984
379,0.675715
379,0.675720
380,0.679245
380,0.680015
380,0.680237
380,0.680452
380,0.680879
380,0.683213
380,0.683262
380,0.685393
380,0.685508
380,0.685769
380,0.685960
380,0.688789
380,0.690050
380,0.690595
380,0.691937
380,0.694887
380,0.695198
380,0.695262
380,0.695280
380,0.695716
380,0.696987
380,0.697698
380,0.699478
380,0.702298
380,0.702419
380,0.702432
380,0.702665
380,0.703068
381,0.703674
381,0.703861
381,0.705591
381,0.707256
381,0.709684
381,0.710228
381,0.710239
381,0.710394
381,0.710766
381,0.711094
381,0.714887
381,0.716208
381,0.718747
381,0.719391
381,0.719559
382,0.721954
382,0.723723
382,0.724775
382,0.726105
382,0.727279
382,0.729802
382,0.730007
383,0.731108
386,0.733392
386,0.733434
386,0.733657
390,0.734992
392,0.735409
396,0.737068
397,0.737676
398,0.737907
399,0.738594
400,0.738901
400,0.738980
401,0.739194
402,0.739307
403,0.739731
404,0.740238
408,0.741173
413,0.742789
418,0.746617
418,0.747327
419,0.748104
420,0.748874
421,0.750403
421,0.750838
422,0.752403
424,0.754586
426,0.757685
426,0.757843
426,0.758235
427,0.758854
427,0.758855
428,0.761664
430,0.763123
430,0.764055
432,0.765122
434,0.767098
435,0.767375
436,0.767723
439,0.769489
440,0.769817
440,0.770237
451,0.773538
452,0.773860
459,0.777244
460,0.777619
462,0.779494
463,0.781150
463,0.781408
464,0.781639
468,0.787637
468,0.787918
468,0.788124
468,0.788383
469,0.789597
469,0.790248
470,0.790791
470,0.791152
470,0.791271
473,0.797638
474,0.799481
474,0.800090
474,0.800165
474,0.800198
475,0.803163
477,0.805520
478,0.806811
479,0.808309
479,0.808540
479,0.808990
480,0.810459
481,0.811148
481,0.811665
482,0.813323
482,0.813544
484,0.816178
485,0.817140
486,0.817526
486,0.817652
486,0.818438
487,0.819297
487,0.819461
487,0.819737
490,0.822715
490,0.823072
490,0.823534
491,0.824042
492,0.825195
493,0.826518
493,0.826639
495,0.828201
495,0.829391
496,0.829718
496,0.830478
498,0.833055
500,0.834508
500,0.835056
500,0.835196
501,0.835545
501,0.836309
501,0.836499
502,0.836797
503,0.838157
508,0.843990
508,0.844281
508,0.844419
509,0.845189
509,0.845856
509,0.846048
509,0.846103
510,0.846825
512,0.848532
512,0.849493
513,0.850513
513,0.850635
515,0.852344
516,0.853861
516,0.854051
516,0.854162
517,0.855573
519,0.857637
520,0.858859
520,0.859638
521,0.861611
522,0.862648
523,0.863900
524,0.864412
524,0.865281
524,0.865584
525,0.865633
525,0.865792
525,0.866616
526,0.867341
526,0.867427
526,0.867656
528,0.870101
528,0.870210
529,0.871327
532,0.874146
533,0.875134
533,0.875314
534,0.876410
535,0.877409
536,0.878517
537,0.879443
538,0.879738
542,0.883503
542,0.883896
543,0.884581
543,0.884990
544,0.885563
550,0.890220
554,0.893321
554,0.893774
555,0.894329
558,0.896306
558,0.896482
560,0.898669
560,0.898684
561,0.899528
561,0.899541
562,0.900228
564,0.901815
565,0.902617
567,0.904671
570,0.906286
570,0.906470
571,0.906953
572,0.907799
572,0.908371
575,0.910079
575,0.910484
576,0.911015
578,0.912582
578,0.912807
579,0.912966
579,0.913046
582,0.915959
584,0.917103
586,0.918639
587,0.918994
587,0.919100
587,0.919417
589,0.920649
594,0.923957
597,0.926269
600,0.928004
602,0.929028
602,0.929274
603,0.929553
603,0.929571
604,0.930401
604,0.930485
605,0.931088
606,0.931536
608,0.932522
610,0.933191
615,0.935453
618,0.936436
622,0.938101
624,0.938690
625,0.939098
641,0.944232
643,0.944711
645,0.945380
649,0.946339
649,0.946382
654,0.947454
655,0.947820
663,0.949455
668,0.950305
669,0.950470
678,0.952089
691,0.954019
693,0.954410
695,0.954593
710,0.956384
710,0.956422
713,0.956718
716,0.957076
731,0.958726
732,0.958855
741,0.959603
743,0.959759
755,0.960620
756,0.960669
767,0.961314
776,0.961789
844,0.965288
858,0.965887
903,0.967861
1022,0.970850
1076,0.971814
1117,0.972550
1439,0.976458
1715,0.978373
1905,0.979209
1919,0.979254
2053,0.979601
2091,0.979683
2581,0.980924
2639,0.981165
2832,0.981817
2845,0.981848
2893,0.981956
3344,0.982753
3578,0.983275
3788,0.983908
4703,0.986635
4887,0.987216
5125,0.988037
5516,0.989119
5605,0.989341
5738,0.989663
7958,0.994435
9385,0.995128
7914171,0.997516
8006214,0.998066
8111972,0.998652
8562155,0.999755
12198396,0.999948
249548672,0.999999
