95080.505750
10528.251460
351,0.000000
364,0.005556
364,0.007183
364,0.007844
364,0.008854
364,0.010387
364,0.011139
364,0.011442
364,0.011552
364,0.011634
364,0.011756
364,0.012023
364,0.012557
364,0.013193
364,0.013219
364,0.014293
364,0.016614
364,0.016753
364,0.017104
364,0.018561
364,0.018790
364,0.018843
364,0.019144
365,0.020070
365,0.020088
365,0.020964
365,0.022151
365,0.023357
365,0.023630
365,0.024614
365,0.024747
365,0.026537
365,0.029167
365,0.029429
365,0.031292
365,0.031617
365,0.032827
365,0.034070
365,0.036508
365,0.036713
365,0.037424
365,0.038701
365,0.040695
365,0.041087
365,0.043363
365,0.045894
365,0.046416
365,0.047269
365,0.047291
365,0.048518
365,0.048960
365,0.055251
365,0.056080
365,0.056253
365,0.056819
365,0.057612
365,0.058689
365,0.060123
365,0.064796
365,0.065010
365,0.065049
365,0.067456
365,0.069092
365,0.069958
365,0.071613
365,0.072095
365,0.073976
365,0.074706
365,0.077005
365,0.077186
365,0.077374
365,0.077904
365,0.081774
365,0.081999
366,0.083561
366,0.084622
366,0.085353
366,0.086944
366,0.087394
366,0.088382
366,0.089401
366,0.090994
366,0.093007
366,0.094015
366,0.095839
366,0.096501
366,0.098095
366,0.098454
366,0.102784
366,0.104900
366,0.105546
366,0.105894
366,0.106690
366,0.107042
366,0.109632
366,0.110682
366,0.111148
366,0.114114
366,0.115415
366,0.118543
366,0.119275
366,0.122378
366,0.123260
366,0.124842
366,0.125463
366,0.128070
366,0.132315
366,0.135111
366,0.135357
366,0.135610
366,0.135731
366,0.136460
366,0.137955
366,0.138426
366,0.138784
366,0.140114
366,0.140583
366,0.141497
366,0.143379
366,0.144112
366,0.144408
366,0.145250
366,0.145355
366,0.146646
366,0.146970
366,0.147830
366,0.148484
366,0.148730
366,0.150369
366,0.150492
366,0.150715
366,0.152322
366,0.152349
366,0.154851
366,0.155919
366,0.157594
366,0.158136
366,0.158268
366,0.158760
366,0.158917
366,0.159175
366,0.159240
366,0.160048
366,0.160141
366,0.160894
366,0.162269
366,0.163008
366,0.163701
366,0.164926
366,0.164955
366,0.165206
366,0.165373
366,0.165701
367,0.167550
367,0.168557
367,0.169397
367,0.170169
367,0.170407
367,0.171112
367,0.172181
367,0.173351
367,0.174450
367,0.177040
367,0.179940
367,0.180349
367,0.183713
367,0.184387
367,0.187755
367,0.187931
367,0.188166
367,0.188889
367,0.189570
367,0.190270
367,0.190487
367,0.190615
367,0.193173
367,0.194718
367,0.196989
367,0.197748
367,0.197939
367,0.198176
367,0.198763
367,0.198897
367,0.199448
367,0.201039
367,0.201266
367,0.202482
367,0.203777
367,0.204405
367,0.208712
367,0.208731
367,0.209355
367,0.210807
367,0.211346
367,0.213317
367,0.214308
367,0.214513
367,0.214706
367,0.215685
367,0.221431
367,0.221552
367,0.222117
367,0.222792
367,0.223444
367,0.223731
367,0.223905
367,0.224540
367,0.225181
367,0.227076
367,0.229192
367,0.229491
367,0.230894
367,0.231294
367,0.232370
367,0.232413
367,0.232606
367,0.233688
367,0.234147
367,0.236465
367,0.237308
367,0.237358
367,0.237380
367,0.237603
367,0.238085
367,0.238648
367,0.240919
367,0.241433
367,0.242093
367,0.242891
367,0.243070
367,0.243404
367,0.243864
367,0.244633
367,0.245236
367,0.245885
367,0.246496
367,0.246882
368,0.247087
368,0.247636
368,0.248202
368,0.249598
368,0.250698
368,0.250939
368,0.251789
368,0.255050
368,0.255684
368,0.256697
368,0.256756
368,0.256871
368,0.257161
368,0.257583
368,0.258694
368,0.260572
368,0.262778
368,0.263906
368,0.264849
368,0.265360
368,0.268336
368,0.270863
368,0.271346
368,0.271506
368,0.273190
368,0.273882
368,0.274649
368,0.276145
368,0.277411
368,0.279390
368,0.280626
368,0.281205
368,0.281997
368,0.282145
368,0.282535
368,0.282685
368,0.283016
368,0.283292
368,0.286564
368,0.288467
368,0.289229
368,0.289897
368,0.290890
368,0.291140
368,0.291659
368,0.291823
368,0.292772
368,0.293490
368,0.293563
368,0.293642
368,0.295395
368,0.295928
368,0.296475
368,0.296491
368,0.297117
368,0.297673
368,0.297874
368,0.297970
368,0.298611
368,0.299839
368,0.305124
368,0.305883
368,0.306740
368,0.308588
368,0.315463
368,0.316168
368,0.320708
368,0.320867
368,0.325714
368,0.327216
368,0.327844
368,0.327990
368,0.328002
368,0.328906
369,0.330791
369,0.331104
369,0.333311
369,0.335742
369,0.336724
369,0.336879
369,0.337264
369,0.337749
369,0.338958
369,0.338993
369,0.340669
369,0.342116
369,0.342552
369,0.342727
369,0.343553
369,0.343589
369,0.344034
369,0.344611
369,0.345003
369,0.345753
369,0.348589
369,0.349109
369,0.351174
369,0.351585
370,0.355058
370,0.356282
370,0.359868
370,0.361018
370,0.361039
370,0.361745
370,0.362453
370,0.363454
370,0.364370
370,0.364765
370,0.365575
370,0.366645
370,0.367691
370,0.368171
370,0.368571
370,0.370464
370,0.373446
370,0.374771
370,0.376581
370,0.377449
370,0.378228
370,0.379227
370,0.379538
370,0.380017
370,0.381372
370,0.381548
370,0.383158
370,0.383208
370,0.385872
370,0.385911
370,0.385973
370,0.386631
370,0.386710
370,0.387891
370,0.387934
370,0.387996
370,0.388475
370,0.389596
370,0.390751
370,0.391283
370,0.393323
370,0.396144
370,0.396927
370,0.396969
370,0.397406
370,0.397506
370,0.400471
370,0.400653
370,0.401085
370,0.401251
370,0.402208
370,0.403798
370,0.404256
370,0.405718
370,0.407482
371,0.410823
371,0.411271
371,0.416111
371,0.417912
371,0.418250
371,0.419327
371,0.420766
371,0.422603
371,0.422739
371,0.422837
371,0.422911
371,0.423142
371,0.425818
371,0.429664
371,0.430100
371,0.430146
371,0.431366
371,0.431371
371,0.433623
371,0.434381
371,0.436085
371,0.438924
371,0.440465
371,0.441243
372,0.442031
372,0.442195
372,0.442739
372,0.443653
372,0.443971
372,0.445001
372,0.446678
372,0.450709
372,0.451325
372,0.451445
372,0.451916
372,0.452724
372,0.454141
372,0.454621
372,0.455738
372,0.457149
372,0.457255
372,0.457410
372,0.459127
372,0.459293
372,0.459948
372,0.461668
372,0.462001
372,0.462513
372,0.465840
372,0.466124
372,0.466157
372,0.466609
372,0.466901
372,0.469497
372,0.471493
372,0.471973
372,0.472223
372,0.472485
372,0.474054
372,0.476304
372,0.477552
372,0.479584
372,0.481187
372,0.481320
372,0.482405
372,0.482913
372,0.483506
372,0.484705
372,0.485184
372,0.486369
372,0.487372
372,0.487697
372,0.488023
372,0.488710
372,0.488876
372,0.488915
372,0.490056
372,0.492537
372,0.493532
372,0.495826
372,0.495935
372,0.496171
373,0.496722
373,0.498510
373,0.499119
373,0.499202
373,0.499423
373,0.500227
373,0.500645
373,0.500758
373,0.500955
373,0.501578
373,0.502835
373,0.503776
373,0.504236
373,0.504269
373,0.505291
373,0.505772
373,0.506517
373,0.509709
373,0.511676
373,0.512581
373,0.514817
373,0.515550
373,0.517555
373,0.518027
373,0.519615
373,0.519826
373,0.520659
373,0.520779
373,0.521002
373,0.521025
373,0.524565
373,0.525588
373,0.526018
373,0.526256
373,0.526374
373,0.526741
373,0.528389
373,0.528737
373,0.529479
373,0.531275
373,0.531980
373,0.532869
373,0.533526
373,0.534395
373,0.534552
373,0.534800
373,0.535706
373,0.535955
373,0.536334
373,0.536436
373,0.536510
373,0.536816
373,0.537197
373,0.537420
373,0.538698
373,0.539366
373,0.539379
373,0.540026
373,0.540113
373,0.540661
373,0.541148
373,0.541869
373,0.542534
373,0.544033
373,0.544830
373,0.547328
373,0.548010
373,0.548408
373,0.549136
373,0.550320
373,0.554021
373,0.556309
373,0.557726
373,0.558067
373,0.559593
373,0.559722
373,0.560868
374,0.561622
374,0.561675
374,0.562475
374,0.563384
374,0.563738
374,0.564330
374,0.564592
374,0.565002
374,0.566839
374,0.567165
374,0.568312
374,0.568448
374,0.569497
374,0.570387
374,0.572752
374,0.573889
374,0.574206
374,0.574438
374,0.574738
374,0.574907
374,0.575871
374,0.576693
374,0.577894
374,0.579711
374,0.580871
374,0.580907
374,0.583368
374,0.583857
374,0.583977
374,0.584338
374,0.584353
374,0.586980
374,0.588543
374,0.589593
374,0.591665
374,0.593049
374,0.595129
374,0.595707
374,0.595782
374,0.596441
374,0.597113
374,0.597968
374,0.598911
374,0.599485
374,0.600026
374,0.601648
374,0.602547
374,0.602777
374,0.603749
374,0.605241
374,0.606368
374,0.608681
374,0.609865
374,0.611602
374,0.614191
374,0.614949
374,0.618895
374,0.619556
375,0.623869
375,0.624016
375,0.625957
375,0.626068
375,0.627130
375,0.627943
375,0.628712
375,0.628901
375,0.629204
375,0.630182
375,0.631851
375,0.633658
375,0.634215
375,0.634660
375,0.635890
375,0.636180
375,0.636552
375,0.639307
375,0.641308
375,0.642003
375,0.642739
376,0.643269
376,0.643425
376,0.644218
376,0.645570
376,0.647075
376,0.650706
376,0.653911
376,0.654065
376,0.654482
376,0.655214
377,0.655980
377,0.656861
377,0.658137
377,0.658762
377,0.663089
377,0.666341
377,0.666814
377,0.666886
377,0.667089
377,0.667854
377,0.668207
377,0.668485
377,0.671477
377,0.672328
377,0.672464
377,0.673005
378,0.674438
378,0.675343
378,0.675911
378,0.677088
378,0.678769
378,0.678902
378,0.680154
378,0.680639
378,0.680860
378,0.680861
378,0.682528
378,0.682676
379,0.685658
379,0.685747
379,0.686506
379,0.687472
379,0.688338
379,0.689448
379,0.689455
379,0.689564
379,0.690431
379,0.691811
379,0.692605
379,0.692874
379,0.693365
379,0.694465
379,0.694535
379,0.694939
379,0.695027
379,0.695271
379,0.695522
379,0.695971
379,0.696397
379,0.696524
379,0.696715
379,0.698510
379,0.701870
379,0.702014
379,0.703290
379,0.703670
379,0.703966
379,0.704263
379,0.705344
379,0.707301
379,0.707856
379,0.707867
379,0.708227
379,0.708308
379,0.708721
379,0.708754
379,0.710973
379,0.712213
379,0.712847
379,0.713061
380,0.715246
380,0.718464
380,0.718551
380,0.720082
380,0.720580
380,0.723660
380,0.723708
380,0.724346
380,0.724776
380,0.727190
380,0.729969
380,0.730394
380,0.730567
380,0.732775
380,0.732788
380,0.734005
380,0.734363
380,0.734844
380,0.735413
380,0.736339
380,0.736914
380,0.737287
380,0.737946
380,0.738270
380,0.739233
380,0.739997
380,0.740928
380,0.741000
380,0.741984
380,0.742617
380,0.742806
380,0.745728
380,0.745951
381,0.748998
381,0.749850
381,0.750174
381,0.750676
381,0.751337
381,0.753641
381,0.753770
381,0.755290
381,0.755906
382,0.757671
382,0.758775
382,0.758983
391,0.760651
413,0.763349
415,0.764043
417,0.765391
417,0.765435
419,0.767121
419,0.767316
419,0.767511
420,0.767867
420,0.768245
420,0.768490
420,0.768609
423,0.771768
424,0.771954
424,0.772271
424,0.772384
425,0.773726
426,0.774933
426,0.775382
427,0.776002
428,0.777112
428,0.777221
428,0.777501
428,0.777588
429,0.778542
436,0.783217
438,0.783988
440,0.785105
440,0.785526
448,0.787981
453,0.789466
455,0.790308
455,0.790399
458,0.791445
460,0.793241
463,0.795262
463,0.796166
463,0.796198
464,0.796974
464,0.797051
464,0.797085
465,0.797713
465,0.797744
466,0.799256
469,0.803256
469,0.803289
469,0.803695
470,0.805519
471,0.807161
471,0.807550
472,0.808765
472,0.809506
473,0.810778
473,0.811334
473,0.811497
473,0.811571
473,0.812238
474,0.814718
475,0.816326
476,0.817120
476,0.817897
477,0.819332
478,0.820107
478,0.820934
478,0.821224
480,0.822833
481,0.824555
481,0.824830
481,0.825201
482,0.826581
483,0.827990
483,0.828285
484,0.829396
485,0.830960
487,0.834019
487,0.834034
487,0.834849
488,0.835612
489,0.837205
489,0.837464
489,0.838145
490,0.838502
492,0.842012
494,0.843854
497,0.848365
497,0.848843
498,0.849354
498,0.850078
498,0.850511
501,0.853472
501,0.853745
502,0.855948
503,0.857462
504,0.858390
504,0.858771
505,0.859057
506,0.861623
506,0.861675
506,0.861698
507,0.862079
507,0.863069
507,0.863088
512,0.869676
513,0.871001
513,0.871038
515,0.873558
516,0.874732
516,0.875303
517,0.875817
518,0.877301
519,0.878814
519,0.879273
520,0.881200
521,0.881796
521,0.882828
522,0.883566
522,0.883633
522,0.884488
522,0.884722
522,0.884756
522,0.884778
523,0.886180
523,0.886186
524,0.887249
524,0.887287
526,0.889341
526,0.890290
527,0.891225
527,0.891346
529,0.893251
529,0.893677
531,0.895335
531,0.895421
531,0.896290
532,0.896825
532,0.897426
533,0.898452
534,0.898733
535,0.899902
535,0.900047
537,0.902019
537,0.902060
538,0.903338
539,0.904212
539,0.904720
540,0.904939
540,0.905551
540,0.905772
540,0.905868
541,0.906408
543,0.908433
544,0.908992
544,0.909524
545,0.910756
546,0.910868
546,0.910962
547,0.911791
548,0.912788
548,0.912943
549,0.913722
550,0.914452
551,0.915793
553,0.917602
553,0.917785
555,0.918749
557,0.920508
557,0.921178
558,0.921252
560,0.923860
561,0.925060
563,0.926535
563,0.927066
566,0.929121
566,0.929436
567,0.930126
567,0.930509
567,0.930569
568,0.931398
571,0.933539
572,0.934417
574,0.936035
575,0.936771
576,0.937449
577,0.938560
578,0.939121
579,0.939827
579,0.940036
579,0.940076
586,0.945366
586,0.945844
588,0.946956
589,0.947595
589,0.947672
589,0.948251
590,0.948544
590,0.948798
591,0.949545
592,0.949909
592,0.950550
593,0.950850
594,0.951359
594,0.951667
597,0.953461
599,0.955091
599,0.955165
600,0.955759
602,0.956862
604,0.957985
604,0.958170
604,0.958313
606,0.958966
606,0.959384
607,0.959619
609,0.960369
610,0.961023
615,0.963217
616,0.963537
620,0.964954
625,0.966596
626,0.966969
642,0.972080
655,0.974985
659,0.975621
666,0.976932
667,0.977110
673,0.977993
675,0.978245
677,0.978552
679,0.978773
682,0.979108
687,0.979765
701,0.981349
730,0.983788
731,0.983848
753,0.984843
814,0.986585
841,0.987328
873,0.988042
874,0.988087
878,0.988198
989,0.989848
991,0.989859
1095,0.990636
2026,0.993094
4967,0.995407
5936,0.996373
6415,0.996986
7975,0.997942
248660468,1.000000
