34623.578742
28979.959862
352,0.000000
355,0.000079
360,0.000309
364,0.001977
364,0.003464
364,0.005491
364,0.006002
364,0.006087
364,0.006241
364,0.006831
364,0.007233
364,0.007625
364,0.007917
364,0.008152
364,0.008951
365,0.009124
365,0.010432
365,0.012391
365,0.012662
365,0.013331
365,0.015547
365,0.016647
365,0.016914
365,0.017264
365,0.017599
365,0.018144
365,0.018522
365,0.018579
365,0.018608
365,0.019808
365,0.020254
365,0.020455
365,0.020837
365,0.021562
365,0.021742
365,0.022179
365,0.023192
365,0.024652
365,0.025144
365,0.026299
365,0.026354
365,0.026553
365,0.026794
365,0.030400
365,0.032486
365,0.033099
365,0.034340
365,0.035169
365,0.037141
365,0.037695
365,0.040548
365,0.042454
365,0.043877
365,0.045036
365,0.046542
365,0.046789
365,0.047278
365,0.047384
365,0.052452
365,0.052916
365,0.054579
365,0.054704
365,0.055946
365,0.056030
365,0.056354
365,0.056625
365,0.059305
365,0.060344
365,0.061533
365,0.062363
365,0.063313
365,0.065533
365,0.066301
365,0.066639
365,0.066799
365,0.069402
365,0.070695
365,0.071451
365,0.071697
365,0.071772
365,0.071919
365,0.072008
365,0.072315
365,0.073421
365,0.073656
365,0.075424
365,0.076418
365,0.077859
365,0.079179
365,0.081197
365,0.082081
365,0.083365
365,0.087045
365,0.087048
365,0.087269
365,0.089845
365,0.090277
365,0.090517
365,0.090827
365,0.090931
365,0.092008
365,0.093707
365,0.094541
365,0.094873
365,0.095921
365,0.096275
365,0.096747
365,0.097735
365,0.099971
365,0.100095
365,0.100411
365,0.101951
365,0.102548
365,0.103617
365,0.104362
365,0.105393
365,0.106067
365,0.110575
365,0.111276
365,0.111859
365,0.111884
365,0.112021
365,0.112162
365,0.112910
365,0.113493
365,0.113521
365,0.113558
365,0.114704
365,0.118054
365,0.118380
365,0.118603
365,0.119040
365,0.119252
365,0.121512
365,0.122119
365,0.122526
366,0.124873
366,0.129211
366,0.131560
366,0.131774
366,0.131841
366,0.132441
366,0.132658
366,0.133277
366,0.134034
366,0.135197
366,0.135364
366,0.135987
366,0.136891
366,0.137585
366,0.138556
366,0.142272
366,0.142636
366,0.147100
366,0.147916
366,0.150114
366,0.151039
366,0.151499
366,0.152656
366,0.154156
366,0.155243
366,0.156139
366,0.156203
366,0.156272
366,0.156616
366,0.156907
366,0.157653
366,0.159234
366,0.159751
366,0.161396
366,0.161927
366,0.162961
366,0.163331
366,0.164333
366,0.165394
366,0.165737
366,0.166604
366,0.166672
366,0.168779
366,0.169457
366,0.169731
366,0.169773
366,0.169860
366,0.173452
366,0.173748
366,0.173940
366,0.174168
366,0.175415
366,0.176455
366,0.178594
366,0.178732
366,0.179324
366,0.180233
366,0.181048
366,0.181557
366,0.185126
366,0.185233
366,0.185955
366,0.187001
366,0.187861
366,0.188183
366,0.189662
366,0.192981
366,0.194935
366,0.195213
366,0.195355
366,0.195823
366,0.197016
366,0.197866
366,0.200603
366,0.200858
366,0.202466
366,0.203965
366,0.205874
366,0.205911
366,0.207497
366,0.208142
366,0.212243
366,0.213030
366,0.214555
366,0.216095
366,0.216788
366,0.217405
366,0.218024
366,0.218285
366,0.221327
366,0.223499
366,0.225015
366,0.225097
366,0.226533
366,0.227395
366,0.227643
366,0.228290
366,0.229557
366,0.229918
366,0.230689
366,0.230885
366,0.231717
366,0.232807
366,0.233536
366,0.233839
366,0.237194
366,0.240335
366,0.241185
366,0.241318
366,0.241948
366,0.242223
366,0.242383
366,0.242729
366,0.244221
366,0.245134
366,0.245553
366,0.245908
366,0.247221
366,0.247372
366,0.247623
366,0.247709
366,0.248232
366,0.249809
366,0.253407
366,0.253725
366,0.254647
366,0.254911
366,0.255677
366,0.256007
366,0.256287
366,0.257860
366,0.258722
366,0.259949
366,0.260114
366,0.262009
366,0.264688
366,0.265364
366,0.265609
366,0.268157
366,0.268742
366,0.271454
366,0.272026
366,0.272856
366,0.273484
366,0.274006
366,0.274213
366,0.275059
366,0.275684
366,0.277064
366,0.277849
366,0.277881
366,0.277966
366,0.278782
366,0.278899
366,0.279443
366,0.279603
366,0.280853
366,0.281301
366,0.284608
366,0.285139
366,0.285824
366,0.285936
366,0.288349
366,0.288990
366,0.290084
366,0.290220
366,0.292010
367,0.292955
367,0.293871
367,0.298699
367,0.298998
367,0.300388
367,0.301445
367,0.301854
367,0.303431
367,0.304057
367,0.304844
367,0.305732
367,0.306141
367,0.307367
367,0.308225
367,0.308518
367,0.308529
367,0.309616
367,0.310872
367,0.312888
367,0.315571
367,0.316248
367,0.316261
367,0.317548
367,0.318136
367,0.318157
367,0.318300
367,0.319062
367,0.319110
367,0.319960
367,0.321158
367,0.321547
367,0.322127
367,0.323017
367,0.324669
367,0.324918
367,0.325942
367,0.326704
367,0.327157
367,0.329815
367,0.331165
367,0.331347
367,0.331461
367,0.331837
367,0.332081
367,0.334292
367,0.334541
367,0.334917
367,0.335589
367,0.337435
367,0.337517
367,0.338234
367,0.338569
367,0.339206
367,0.339514
367,0.340001
367,0.340864
367,0.341916
367,0.342462
367,0.345058
367,0.345119
367,0.345562
367,0.345885
367,0.346018
367,0.346781
367,0.349520
367,0.350196
367,0.350396
367,0.351707
367,0.351730
367,0.352314
367,0.352408
367,0.356004
367,0.356253
367,0.356758
367,0.357291
367,0.358578
367,0.359408
367,0.360491
367,0.360929
367,0.362338
367,0.362617
367,0.363784
367,0.364328
367,0.364463
367,0.366552
367,0.366620
367,0.367359
367,0.367980
367,0.368376
367,0.370238
367,0.371091
367,0.371695
367,0.374041
367,0.375686
367,0.375994
367,0.377371
367,0.378886
367,0.380518
367,0.382444
367,0.383122
367,0.384322
367,0.385675
367,0.386391
367,0.387202
367,0.388632
367,0.388924
367,0.392025
367,0.392932
367,0.393483
367,0.394608
367,0.394930
367,0.395839
367,0.396940
367,0.397416
367,0.397776
367,0.397933
367,0.398059
367,0.401003
367,0.401475
367,0.403652
367,0.405069
367,0.405859
367,0.405980
367,0.408665
367,0.408669
367,0.410065
367,0.410148
367,0.410304
367,0.410470
367,0.412088
367,0.412595
368,0.413033
368,0.413559
368,0.413610
368,0.413798
368,0.414091
368,0.414328
368,0.414481
368,0.415048
368,0.415335
368,0.418386
368,0.418535
368,0.420242
368,0.421304
368,0.421312
368,0.422101
368,0.422256
368,0.428622
368,0.432364
369,0.433374
369,0.433885
369,0.434366
369,0.434414
369,0.434852
369,0.435275
369,0.437007
369,0.437695
369,0.437728
369,0.438181
369,0.438182
370,0.438425
370,0.438934
370,0.438997
370,0.439105
370,0.439268
370,0.440978
370,0.442156
370,0.443080
370,0.444968
370,0.448940
370,0.450125
370,0.452138
370,0.454747
370,0.460703
370,0.461841
370,0.462195
370,0.462795
370,0.463929
370,0.464132
370,0.464286
370,0.464706
370,0.464881
370,0.465356
370,0.466519
370,0.467221
370,0.467563
370,0.467670
370,0.468482
370,0.468802
370,0.471103
370,0.474826
370,0.474914
370,0.477369
370,0.478172
370,0.480540
370,0.480681
370,0.483445
370,0.485328
370,0.486116
370,0.486969
370,0.487101
370,0.487788
370,0.487863
370,0.488223
370,0.488443
370,0.488778
370,0.489221
370,0.489812
370,0.490064
371,0.490759
371,0.491520
371,0.491734
371,0.492557
371,0.493613
371,0.494634
371,0.494849
371,0.495722
371,0.497316
371,0.497450
371,0.498729
371,0.498778
371,0.499163
371,0.500546
371,0.500575
371,0.500968
371,0.501040
371,0.502220
371,0.502749
371,0.503865
371,0.504375
371,0.506453
371,0.507658
371,0.511151
371,0.512990
371,0.513103
371,0.513971
371,0.515715
371,0.517880
371,0.519934
371,0.521517
371,0.521601
371,0.523098
371,0.525205
371,0.530470
371,0.533706
371,0.533979
371,0.534641
371,0.535288
371,0.535315
371,0.536441
371,0.536652
371,0.536934
371,0.538028
371,0.538315
371,0.540107
371,0.540504
371,0.540585
371,0.541080
372,0.543072
372,0.543106
372,0.543564
372,0.543943
372,0.544348
372,0.545435
372,0.545902
372,0.547032
372,0.548381
372,0.548447
372,0.548451
372,0.549035
372,0.549207
372,0.549436
372,0.550791
372,0.552308
372,0.552571
372,0.553058
372,0.553754
372,0.554362
372,0.554946
372,0.557040
372,0.557968
372,0.558680
372,0.559861
372,0.560404
372,0.560555
372,0.560664
372,0.562718
372,0.563520
372,0.563831
372,0.563920
372,0.564175
372,0.564515
372,0.565272
372,0.565788
372,0.568662
372,0.569149
372,0.569242
372,0.569527
372,0.570756
372,0.571641
372,0.573788
372,0.573986
372,0.575557
372,0.576014
372,0.577106
372,0.577327
372,0.577518
372,0.577596
372,0.579396
372,0.579925
372,0.581009
372,0.582232
372,0.583606
372,0.583896
372,0.584460
372,0.584542
372,0.584726
372,0.585443
372,0.588401
372,0.588639
372,0.590584
372,0.591245
372,0.591819
372,0.593946
372,0.593961
372,0.594120
372,0.594948
372,0.595672
372,0.600831
372,0.600843
372,0.601080
372,0.601436
372,0.602429
372,0.603471
372,0.603546
372,0.604436
372,0.605112
372,0.608865
372,0.612216
372,0.613353
372,0.613493
372,0.614152
372,0.615415
373,0.616549
373,0.616995
373,0.617535
373,0.618625
373,0.619634
373,0.623706
373,0.623998
373,0.626673
373,0.626875
373,0.627447
373,0.628072
373,0.628445
373,0.630246
373,0.631520
373,0.631736
373,0.633728
373,0.635858
373,0.635987
373,0.636018
373,0.639315
373,0.640521
373,0.641387
373,0.643040
373,0.644114
373,0.644288
373,0.645356
373,0.645631
373,0.646547
373,0.647614
373,0.649205
373,0.650790
373,0.651444
373,0.652441
373,0.652898
373,0.655947
373,0.659596
373,0.660521
373,0.663816
373,0.666954
373,0.668004
373,0.669432
374,0.670690
374,0.673835
374,0.675638
374,0.676133
374,0.676556
374,0.678925
374,0.679669
374,0.682013
374,0.682639
374,0.684058
374,0.684897
374,0.685369
374,0.685469
374,0.687332
374,0.688563
374,0.688699
374,0.689150
375,0.691023
375,0.692253
375,0.693556
375,0.694041
375,0.694815
376,0.696005
376,0.696930
376,0.697106
376,0.697254
376,0.697341
376,0.698053
376,0.698559
376,0.698756
376,0.700721
376,0.700960
376,0.701003
377,0.704523
377,0.705519
377,0.705703
377,0.706071
377,0.706206
377,0.707037
377,0.707040
377,0.707083
377,0.707555
377,0.709367
377,0.709503
377,0.714171
377,0.715864
377,0.716132
377,0.716803
377,0.717285
377,0.717415
377,0.717451
377,0.718377
377,0.718514
377,0.718653
377,0.719235
377,0.719251
377,0.719559
377,0.720403
377,0.721782
377,0.722259
378,0.724047
378,0.724415
378,0.724475
378,0.725862
378,0.726178
378,0.730259
378,0.731355
378,0.732527
378,0.734699
378,0.734833
378,0.735704
378,0.736156
378,0.738317
378,0.738438
378,0.741580
378,0.742528
378,0.744024
378,0.744033
378,0.744537
378,0.745723
379,0.748063
379,0.748759
379,0.749361
379,0.750248
379,0.750632
379,0.751203
379,0.751478
379,0.753461
379,0.760729
379,0.760767
379,0.761412
379,0.762007
379,0.762314
379,0.762664
379,0.763586
379,0.765576
380,0.769616
380,0.770290
380,0.770762
380,0.774468
380,0.774771
380,0.775743
381,0.777083
381,0.778175
382,0.778986
386,0.779516
387,0.779646
407,0.781932
414,0.782686
418,0.785161
421,0.787114
423,0.788854
423,0.788876
424,0.789570
424,0.789872
424,0.790043
425,0.790921
427,0.792739
427,0.793101
431,0.795023
451,0.801279
453,0.802275
456,0.804020
456,0.804140
457,0.804639
458,0.805136
459,0.805883
460,0.807307
461,0.808347
462,0.809157
463,0.809639
463,0.809885
463,0.810848
464,0.811772
466,0.813567
467,0.816152
469,0.818160
470,0.820876
471,0.821470
471,0.821958
471,0.822119
473,0.826595
474,0.827764
474,0.828188
475,0.829345
476,0.831202
476,0.832167
477,0.832830
478,0.833938
479,0.836245
480,0.837258
480,0.838510
480,0.838549
481,0.839027
481,0.839134
482,0.840711
483,0.842720
483,0.842849
483,0.842996
483,0.844015
484,0.844874
484,0.845245
487,0.849314
488,0.850763
488,0.851413
489,0.852531
489,0.853621
490,0.854116
490,0.854723
491,0.856337
492,0.856648
494,0.859519
494,0.860120
494,0.860256
495,0.861140
495,0.861280
495,0.861873
495,0.862298
498,0.866772
499,0.868140
500,0.869447
501,0.870190
502,0.871261
503,0.873883
503,0.874039
504,0.874565
504,0.875285
505,0.876102
506,0.877579
506,0.877819
507,0.879700
508,0.881084
509,0.881422
509,0.882239
510,0.882946
510,0.883274
511,0.884081
512,0.885727
512,0.886414
513,0.887198
515,0.889872
516,0.890875
516,0.891593
517,0.892337
518,0.894111
520,0.896736
521,0.898109
522,0.899545
523,0.901556
523,0.901616
523,0.902037
524,0.902315
526,0.905578
527,0.906381
527,0.906596
528,0.908161
529,0.908522
529,0.909194
530,0.909895
531,0.910668
531,0.910678
532,0.911466
532,0.911571
533,0.912197
533,0.912304
533,0.912348
533,0.912908
535,0.914086
536,0.915649
537,0.916136
537,0.916199
538,0.916960
538,0.917043
538,0.917661
539,0.918114
539,0.918459
541,0.919539
543,0.921085
545,0.923221
545,0.923248
546,0.923647
547,0.924305
549,0.925922
550,0.926875
552,0.928599
553,0.928840
553,0.928915
553,0.929377
553,0.929489
557,0.931901
560,0.934937
560,0.935206
561,0.935855
561,0.935883
562,0.936949
564,0.938572
564,0.938643
567,0.941159
569,0.942461
570,0.943248
575,0.947166
576,0.947665
578,0.949013
578,0.949197
578,0.949614
579,0.950289
581,0.951855
583,0.952748
583,0.952760
584,0.953366
585,0.954122
585,0.954150
588,0.956354
589,0.956915
590,0.957312
592,0.958775
593,0.959223
594,0.959463
600,0.962980
601,0.963670
602,0.963892
608,0.966548
612,0.967827
613,0.968243
613,0.968305
614,0.968688
618,0.969859
627,0.972575
629,0.973135
638,0.975610
639,0.975845
639,0.975903
640,0.976144
640,0.976161
658,0.979423
661,0.979828
677,0.981776
698,0.984038
698,0.984075
701,0.984274
710,0.984942
723,0.985853
763,0.987572
768,0.987687
803,0.988512
822,0.989003
881,0.990280
886,0.990419
1122,0.992271
1830,0.994166
2111,0.994503
6371,0.997167
8270,0.998153
29154001,0.999602
139759744,0.999999
