23564.541737
42590.553031
351,0.000000
363,0.000182
364,0.002775
364,0.005447
364,0.005723
364,0.006060
364,0.007394
364,0.007950
364,0.008286
364,0.011182
364,0.013321
364,0.014339
364,0.015323
364,0.017116
364,0.017134
364,0.017666
364,0.017726
364,0.020284
364,0.021099
364,0.022303
364,0.023490
364,0.023676
364,0.025205
364,0.027009
364,0.028598
364,0.029514
364,0.031753
364,0.032161
364,0.035646
364,0.036243
364,0.036892
364,0.036930
364,0.037717
364,0.037762
364,0.038335
364,0.039225
364,0.039558
364,0.041974
364,0.042690
364,0.043080
365,0.044359
365,0.044452
365,0.047659
365,0.047851
365,0.049393
365,0.049951
365,0.050001
365,0.050062
365,0.055983
365,0.056001
365,0.058216
365,0.058503
365,0.059752
365,0.059996
365,0.061647
365,0.063995
365,0.066229
365,0.067333
365,0.067569
365,0.068004
365,0.068600
365,0.069435
365,0.071677
365,0.071700
365,0.071747
365,0.071951
365,0.071969
365,0.075799
365,0.077147
365,0.077265
365,0.077813
365,0.078128
365,0.078501
365,0.078648
365,0.078659
365,0.078884
365,0.079177
365,0.079233
365,0.080891
365,0.081547
365,0.081781
365,0.082576
365,0.082964
365,0.083326
365,0.083692
365,0.084919
365,0.084931
365,0.086173
365,0.087457
365,0.087664
365,0.088786
365,0.089316
365,0.091985
365,0.093148
365,0.094114
365,0.094285
365,0.094448
365,0.095533
365,0.096845
365,0.100744
365,0.100850
365,0.101982
365,0.102446
365,0.104003
365,0.104675
365,0.106026
365,0.106151
365,0.107865
365,0.109146
365,0.110148
365,0.110816
365,0.111196
365,0.114171
365,0.115270
365,0.115442
365,0.116246
365,0.118785
365,0.119589
365,0.119758
365,0.120068
365,0.121940
365,0.121993
365,0.124416
365,0.126243
365,0.126350
365,0.128068
365,0.128531
365,0.128901
365,0.130468
365,0.132017
365,0.132128
365,0.132149
365,0.134516
365,0.135218
365,0.136688
365,0.137032
365,0.137091
365,0.137261
365,0.137263
365,0.137377
365,0.138509
365,0.138719
365,0.139324
365,0.140649
365,0.141566
365,0.142423
365,0.142588
365,0.143307
365,0.145780
365,0.146427
365,0.147126
365,0.148764
365,0.149509
365,0.150680
365,0.152382
365,0.153719
365,0.154282
365,0.154312
365,0.156503
365,0.157023
365,0.157737
365,0.158272
365,0.158780
365,0.161826
365,0.162486
365,0.164419
365,0.164737
365,0.165445
365,0.165676
365,0.166189
365,0.168432
365,0.168553
365,0.168622
365,0.170450
365,0.170944
365,0.174801
365,0.176068
365,0.177848
365,0.178529
365,0.178718
365,0.178847
365,0.180749
365,0.180819
365,0.181498
365,0.181963
365,0.182378
365,0.182606
365,0.183357
365,0.183947
365,0.186171
365,0.187498
365,0.188337
365,0.188716
365,0.188745
365,0.189962
365,0.191727
365,0.192718
366,0.194183
366,0.194748
366,0.194806
366,0.195191
366,0.196048
366,0.196510
366,0.197918
366,0.199248
366,0.200711
366,0.201383
366,0.203446
366,0.206397
366,0.207428
366,0.210598
366,0.212276
366,0.215884
366,0.219084
366,0.219832
366,0.220175
366,0.220392
366,0.220859
366,0.221421
366,0.222329
366,0.223163
366,0.223637
366,0.224526
366,0.224733
366,0.228315
366,0.228380
366,0.228911
366,0.230194
366,0.231676
366,0.232075
366,0.232112
366,0.232223
366,0.232592
366,0.233123
366,0.234311
366,0.234930
366,0.235982
366,0.237744
366,0.238211
366,0.240369
366,0.241264
366,0.243331
366,0.243544
366,0.243727
366,0.247160
366,0.247933
366,0.248697
366,0.251186
366,0.251322
366,0.251346
366,0.252348
366,0.252385
366,0.252873
366,0.254252
366,0.256643
366,0.257453
366,0.259461
366,0.259917
366,0.261504
366,0.261980
366,0.264875
366,0.267119
366,0.274095
366,0.274127
366,0.274439
366,0.276376
366,0.276742
366,0.276797
366,0.277723
366,0.277801
366,0.277934
366,0.278627
366,0.279506
366,0.280879
366,0.280996
366,0.281802
366,0.283995
366,0.285641
366,0.286067
366,0.286315
366,0.286326
366,0.286462
366,0.287540
366,0.287607
366,0.288327
366,0.289930
366,0.290190
366,0.291800
366,0.291889
366,0.292664
366,0.293144
366,0.293619
366,0.293889
366,0.294146
366,0.295314
366,0.298405
366,0.300869
366,0.301807
366,0.303523
366,0.303562
366,0.306099
366,0.306954
366,0.307668
366,0.307742
366,0.309344
366,0.313943
366,0.314950
366,0.315083
366,0.315465
366,0.315766
366,0.316469
366,0.316521
366,0.317521
366,0.317926
366,0.318839
366,0.319330
366,0.320129
366,0.321494
366,0.321968
366,0.322994
366,0.323629
366,0.323689
366,0.325310
366,0.325664
366,0.326437
366,0.326465
366,0.328086
366,0.331971
366,0.332933
366,0.332943
366,0.334160
366,0.334921
366,0.336695
366,0.337732
366,0.337948
366,0.338239
366,0.338768
366,0.340217
366,0.340294
366,0.340936
366,0.341804
366,0.345191
366,0.346662
366,0.347801
366,0.348717
366,0.349017
366,0.349124
366,0.349823
366,0.350157
366,0.351536
366,0.352225
366,0.352638
366,0.352753
366,0.353161
366,0.353298
367,0.353674
367,0.353915
367,0.354532
367,0.354794
367,0.355112
367,0.355383
367,0.355575
367,0.357187
367,0.357233
367,0.357794
367,0.358857
367,0.359112
367,0.359222
367,0.360114
367,0.362906
367,0.364741
367,0.365893
367,0.367019
367,0.367188
367,0.367556
367,0.368163
367,0.368932
367,0.369235
367,0.369238
367,0.369737
367,0.370814
367,0.370859
367,0.371099
367,0.372459
367,0.373010
367,0.374301
367,0.375144
367,0.375477
367,0.375534
367,0.380683
367,0.383448
367,0.384124
367,0.384210
367,0.384694
367,0.385041
367,0.387513
367,0.387526
367,0.388348
367,0.388498
367,0.388904
367,0.389792
367,0.390600
367,0.394885
367,0.395937
367,0.396082
367,0.397425
367,0.399001
367,0.399808
367,0.400349
367,0.403714
367,0.403832
367,0.403859
367,0.404642
367,0.405574
367,0.406652
367,0.406769
367,0.409773
367,0.410037
367,0.410657
367,0.413688
367,0.414353
367,0.415184
367,0.415348
367,0.415524
367,0.415557
367,0.417058
367,0.418135
367,0.418800
367,0.419228
367,0.419712
367,0.419872
367,0.420197
368,0.422483
368,0.422912
368,0.424642
368,0.424975
368,0.428237
368,0.428451
368,0.428829
368,0.430102
369,0.431664
369,0.431714
369,0.432094
369,0.432335
370,0.436100
370,0.437225
370,0.437879
370,0.439601
370,0.440670
370,0.441035
370,0.441973
370,0.442087
370,0.442618
370,0.444176
370,0.444268
370,0.446088
370,0.447399
370,0.447443
370,0.449345
370,0.449543
370,0.449742
370,0.450366
370,0.450760
370,0.455238
370,0.456174
370,0.456480
370,0.456485
370,0.456685
370,0.457236
370,0.459631
370,0.460542
370,0.462436
370,0.463097
370,0.464239
370,0.464882
370,0.468003
370,0.469280
370,0.469816
370,0.475074
370,0.475908
370,0.477520
370,0.477531
370,0.477677
370,0.478124
370,0.479030
370,0.481955
370,0.484650
370,0.485270
370,0.485477
371,0.486170
371,0.487295
371,0.487423
371,0.490295
371,0.491414
371,0.492477
371,0.493755
371,0.495449
371,0.495499
371,0.496036
371,0.499169
371,0.501815
371,0.502528
371,0.505505
371,0.506223
371,0.507111
371,0.507466
371,0.508262
371,0.508743
371,0.509895
371,0.511610
371,0.512563
371,0.514690
371,0.515715
371,0.517657
371,0.517747
371,0.518385
371,0.518883
371,0.519297
371,0.520261
371,0.521862
371,0.523309
371,0.524164
371,0.525017
371,0.525811
371,0.526029
371,0.527889
371,0.528236
371,0.530900
371,0.531815
371,0.532746
371,0.535643
372,0.536704
372,0.538363
372,0.538602
372,0.538646
372,0.538983
372,0.539400
372,0.539547
372,0.541636
372,0.542667
372,0.545061
372,0.545815
372,0.546219
372,0.546493
372,0.548089
372,0.548977
372,0.549099
372,0.549243
372,0.550652
372,0.552072
372,0.553462
372,0.553700
372,0.555428
372,0.555760
372,0.556737
372,0.557185
372,0.557734
372,0.559681
372,0.560554
372,0.560945
372,0.563061
372,0.563305
372,0.563335
372,0.565538
372,0.566213
372,0.566261
372,0.568560
372,0.568736
372,0.569273
372,0.571103
372,0.571890
372,0.572104
372,0.572321
372,0.572557
372,0.572795
372,0.573003
372,0.573642
372,0.575301
372,0.575561
372,0.578700
372,0.580338
372,0.580551
372,0.580979
372,0.581128
372,0.581546
372,0.584338
372,0.584585
372,0.584602
372,0.587728
372,0.587942
372,0.588758
372,0.590111
372,0.593531
372,0.593743
372,0.593889
372,0.594578
372,0.597358
372,0.597453
372,0.599497
372,0.599802
372,0.599906
372,0.601676
372,0.601843
372,0.602005
372,0.602096
372,0.602209
372,0.602683
372,0.605981
372,0.606620
372,0.608704
372,0.609088
372,0.610895
372,0.611105
372,0.611298
372,0.612424
372,0.613506
372,0.615050
372,0.616883
373,0.618857
373,0.619690
373,0.619840
373,0.621277
373,0.622047
373,0.622213
373,0.622480
373,0.622649
373,0.622679
373,0.624631
373,0.625541
373,0.626109
373,0.626441
373,0.626695
373,0.626968
373,0.627022
373,0.628109
373,0.628210
373,0.630899
373,0.633904
373,0.634047
373,0.634079
373,0.634626
373,0.634987
373,0.637178
373,0.637805
373,0.638514
373,0.639337
373,0.639753
373,0.640000
373,0.640683
373,0.640982
373,0.641575
373,0.644264
373,0.645330
373,0.649628
373,0.649993
373,0.650861
373,0.650927
373,0.652020
373,0.652043
373,0.653661
373,0.654718
373,0.656970
373,0.657315
373,0.658885
373,0.659410
373,0.659416
373,0.660544
374,0.663137
374,0.663182
374,0.663836
374,0.664291
374,0.664500
374,0.664555
374,0.664723
374,0.665264
374,0.665358
374,0.666275
374,0.666276
374,0.666718
374,0.666941
374,0.669805
374,0.669890
374,0.670008
374,0.670044
374,0.670511
374,0.670732
374,0.670896
374,0.671497
374,0.671546
374,0.673028
375,0.674321
376,0.676364
376,0.676884
376,0.676964
376,0.679720
376,0.683040
376,0.683851
376,0.684103
377,0.684615
377,0.685113
377,0.688258
377,0.692523
377,0.692820
377,0.692873
377,0.696786
377,0.697843
377,0.697852
377,0.699436
377,0.701510
377,0.701871
377,0.702626
377,0.703103
378,0.704361
378,0.704514
378,0.705140
378,0.705556
378,0.705973
378,0.706247
378,0.706798
378,0.708182
378,0.708992
378,0.710734
378,0.712271
378,0.712849
378,0.713143
378,0.714012
378,0.715291
378,0.715728
378,0.720436
378,0.721918
378,0.723026
379,0.723426
379,0.724477
379,0.724659
379,0.724803
379,0.725438
379,0.726326
379,0.728504
379,0.729130
379,0.732011
379,0.732679
379,0.733791
379,0.736401
379,0.736792
379,0.737823
379,0.738122
379,0.738458
379,0.740371
379,0.741130
379,0.741626
379,0.744413
379,0.744954
379,0.745048
379,0.745239
379,0.745979
379,0.748765
379,0.749095
380,0.750914
380,0.751713
381,0.755072
381,0.755441
381,0.756065
390,0.757805
401,0.759343
404,0.759776
407,0.760039
408,0.760067
411,0.760294
414,0.760762
415,0.761525
416,0.762564
417,0.763421
418,0.763922
419,0.764555
421,0.767050
422,0.767615
423,0.768611
424,0.769219
424,0.769513
425,0.769955
425,0.770081
425,0.770267
426,0.771279
426,0.771466
428,0.773451
432,0.775449
437,0.776434
440,0.777211
441,0.777758
441,0.777762
442,0.778168
443,0.778392
447,0.779901
449,0.781067
451,0.781608
453,0.782572
453,0.782665
455,0.783917
455,0.784237
456,0.784330
456,0.784699
460,0.787562
460,0.788203
461,0.789083
463,0.792740
464,0.794060
465,0.794943
465,0.795266
465,0.796221
466,0.798011
467,0.799133
467,0.800124
468,0.802114
469,0.802675
469,0.803132
469,0.803412
469,0.803850
469,0.804355
470,0.805308
470,0.805405
470,0.806181
471,0.807205
471,0.809108
471,0.809203
472,0.810444
472,0.810901
472,0.811418
472,0.811423
472,0.811961
473,0.813066
473,0.813559
474,0.816035
475,0.817443
475,0.817453
475,0.818037
475,0.818274
475,0.818760
476,0.819332
476,0.819419
476,0.819525
477,0.820545
477,0.821002
478,0.822514
478,0.822701
478,0.823080
481,0.828381
482,0.829936
482,0.831088
483,0.831399
484,0.834246
484,0.834296
484,0.834607
485,0.834788
485,0.834934
486,0.836565
487,0.838415
487,0.838715
488,0.839845
488,0.840092
488,0.840367
490,0.843567
491,0.844621
491,0.844946
491,0.845069
491,0.845148
491,0.845652
492,0.846573
493,0.847541
493,0.847889
494,0.849461
494,0.849589
495,0.850421
495,0.850735
495,0.850766
495,0.850972
495,0.851390
496,0.852854
497,0.854116
497,0.854353
499,0.856731
501,0.860465
502,0.861691
504,0.864534
505,0.865298
505,0.865948
508,0.870734
509,0.871992
510,0.873220
511,0.873603
511,0.874093
513,0.876921
513,0.877035
514,0.878555
515,0.879238
515,0.879495
517,0.882585
519,0.884272
519,0.884717
519,0.885598
520,0.885861
520,0.886029
522,0.889942
525,0.892647
525,0.892659
526,0.893813
526,0.894688
527,0.894932
528,0.897020
529,0.897519
529,0.897915
530,0.898657
530,0.898875
532,0.900839
532,0.901004
533,0.901823
534,0.902819
535,0.902984
535,0.903752
538,0.905514
539,0.906971
540,0.907234
540,0.907266
541,0.908075
541,0.908124
541,0.908226
544,0.911066
545,0.911342
550,0.915434
550,0.915606
551,0.916562
553,0.917822
553,0.918066
554,0.918787
555,0.919538
556,0.920476
556,0.920607
556,0.920798
557,0.921082
559,0.922536
559,0.923180
561,0.924926
565,0.928591
570,0.932913
572,0.934548
577,0.937952
577,0.938050
577,0.938246
578,0.938934
578,0.939074
579,0.939914
580,0.940899
582,0.941998
587,0.945986
592,0.948860
596,0.951187
599,0.953112
600,0.953661
601,0.954110
602,0.954741
603,0.955488
608,0.957689
610,0.958363
611,0.958931
612,0.959318
612,0.959371
618,0.961515
619,0.961972
620,0.962255
627,0.964857
627,0.964927
630,0.965824
633,0.966681
637,0.967780
646,0.970411
647,0.970636
653,0.971977
661,0.973364
672,0.975252
673,0.975310
673,0.975361
673,0.975371
681,0.976617
692,0.978189
715,0.980333
718,0.980617
753,0.982841
758,0.983021
771,0.983489
854,0.985868
879,0.986583
1115,0.989008
1234,0.989748
2247,0.992339
4608,0.994428
5935,0.995654
6369,0.996172
6754,0.996602
6971,0.996795
7842,0.997293
9087,0.997739
29950527,0.999859
139360108,0.999999
