20128.640635
49859.619438
352,0.000000
364,0.000558
364,0.003955
364,0.004170
364,0.004448
364,0.004468
364,0.005779
364,0.006588
364,0.006832
364,0.007778
364,0.009144
364,0.009191
365,0.011889
365,0.012310
365,0.012853
365,0.013931
365,0.018395
365,0.019610
365,0.019680
365,0.020761
365,0.022344
365,0.023308
365,0.023582
365,0.024587
365,0.025175
365,0.025329
365,0.026439
365,0.026457
365,0.028495
365,0.028537
365,0.029341
365,0.029559
365,0.030951
365,0.031273
365,0.032807
365,0.034567
365,0.034733
365,0.035080
365,0.035379
365,0.035671
365,0.036918
365,0.037067
365,0.037471
365,0.037753
365,0.038172
365,0.038619
365,0.040017
365,0.041681
365,0.042910
365,0.044480
365,0.045009
365,0.045553
365,0.047008
365,0.048567
365,0.049454
365,0.050248
365,0.050323
365,0.050433
365,0.050885
365,0.051782
365,0.052398
365,0.052468
365,0.052473
365,0.053224
365,0.053997
365,0.054547
365,0.055336
365,0.055834
365,0.056296
365,0.058845
365,0.058992
365,0.059429
365,0.060343
365,0.061052
365,0.062712
365,0.063060
366,0.067283
366,0.067423
366,0.067507
366,0.068136
366,0.070135
366,0.070344
366,0.072114
366,0.072710
366,0.073774
366,0.073864
366,0.076775
366,0.078592
366,0.079848
366,0.080136
366,0.080562
366,0.082484
366,0.083802
366,0.084062
366,0.084664
366,0.085457
366,0.086402
366,0.086681
366,0.088715
366,0.089763
366,0.090622
366,0.091374
366,0.092230
366,0.092513
366,0.094000
366,0.094746
366,0.095064
366,0.095363
366,0.096356
366,0.096462
366,0.096802
366,0.097472
366,0.099430
366,0.100414
366,0.100753
366,0.101229
366,0.101369
366,0.103408
366,0.103464
366,0.103556
366,0.107988
366,0.108412
366,0.111422
366,0.113053
366,0.114725
366,0.114923
366,0.115240
366,0.115720
366,0.120158
366,0.123379
366,0.124656
366,0.125381
366,0.126100
366,0.126722
366,0.126985
366,0.127526
366,0.128747
366,0.130243
366,0.130723
366,0.130913
366,0.131375
366,0.133928
366,0.134025
366,0.134423
366,0.135250
366,0.136630
366,0.136880
366,0.137394
366,0.137552
366,0.138915
366,0.139004
366,0.140975
366,0.141702
366,0.141721
366,0.145968
366,0.146035
366,0.146358
366,0.148810
366,0.150364
366,0.150595
366,0.150881
366,0.152026
366,0.153715
366,0.154329
366,0.154337
366,0.154621
366,0.154647
366,0.156161
366,0.156765
367,0.158525
367,0.159776
367,0.160025
367,0.160919
367,0.161534
367,0.162448
367,0.162828
367,0.164750
367,0.165097
367,0.167080
367,0.167268
367,0.167292
367,0.168538
367,0.169178
367,0.169535
367,0.170449
367,0.172960
367,0.173140
367,0.173559
367,0.176066
367,0.176603
367,0.177040
367,0.178101
367,0.178404
367,0.181356
367,0.182107
367,0.183047
367,0.183453
367,0.183566
367,0.183941
367,0.185545
367,0.187172
367,0.187354
367,0.191128
367,0.192963
367,0.193346
367,0.193646
367,0.193862
367,0.194707
367,0.194893
367,0.195334
367,0.195514
367,0.196377
367,0.196547
367,0.197947
367,0.199040
367,0.199820
367,0.203374
367,0.204566
367,0.204600
367,0.205519
367,0.206362
367,0.207609
367,0.208685
367,0.210268
367,0.211080
367,0.211588
367,0.212159
367,0.213141
367,0.213205
367,0.214433
367,0.216086
367,0.217093
367,0.217607
367,0.220287
367,0.221014
367,0.221483
367,0.221825
367,0.224092
367,0.225494
367,0.225795
367,0.225934
367,0.228035
367,0.229012
367,0.229094
367,0.229359
367,0.230844
367,0.231252
367,0.231715
367,0.235051
367,0.236617
367,0.236620
367,0.239473
367,0.239727
367,0.240202
367,0.240601
367,0.241152
367,0.241431
367,0.241482
367,0.243131
367,0.243322
367,0.243787
367,0.245243
367,0.245282
367,0.245618
367,0.246580
367,0.246877
367,0.247142
367,0.250131
367,0.251616
367,0.252520
367,0.253414
367,0.253836
367,0.254306
367,0.254321
367,0.254458
367,0.254964
367,0.259611
367,0.260149
367,0.260506
367,0.260793
367,0.262567
367,0.262955
367,0.263050
367,0.263744
367,0.265866
367,0.266587
367,0.266988
367,0.268075
367,0.271216
367,0.271837
367,0.272598
367,0.272926
367,0.273594
367,0.274227
368,0.276562
368,0.277299
368,0.278243
368,0.278991
368,0.280458
368,0.282343
368,0.282740
368,0.283814
368,0.284762
368,0.284972
368,0.288567
368,0.291010
368,0.292105
368,0.293007
368,0.294508
368,0.294725
368,0.294947
368,0.297188
368,0.297465
368,0.299571
368,0.299575
368,0.299582
368,0.301763
368,0.303564
368,0.304045
368,0.305769
368,0.306001
368,0.307884
368,0.308793
368,0.309903
368,0.310376
368,0.312275
368,0.312663
368,0.313984
368,0.314565
368,0.315099
368,0.315207
368,0.315526
368,0.315785
368,0.317615
368,0.321250
368,0.321419
368,0.323776
368,0.324005
368,0.324099
368,0.324685
368,0.325860
368,0.325940
368,0.326147
368,0.326181
368,0.326284
368,0.326843
368,0.328558
368,0.331089
368,0.332093
368,0.332515
368,0.333586
368,0.333742
368,0.336634
368,0.341526
368,0.341921
368,0.342987
368,0.343101
368,0.343573
368,0.343813
368,0.345341
368,0.345971
368,0.346467
368,0.347445
368,0.350575
368,0.351094
368,0.353808
368,0.353834
368,0.353979
368,0.354671
368,0.355010
368,0.355369
368,0.356824
368,0.358093
368,0.358487
368,0.358607
368,0.358730
368,0.359529
368,0.359827
368,0.360612
368,0.362914
368,0.365165
368,0.365336
368,0.366048
368,0.369383
368,0.371149
368,0.372303
368,0.374153
368,0.377084
368,0.378755
368,0.379106
368,0.379957
368,0.380714
368,0.380823
369,0.387856
369,0.388104
369,0.388207
369,0.390173
369,0.391622
369,0.394346
369,0.395553
369,0.396227
369,0.399096
369,0.399916
369,0.400109
369,0.400579
369,0.403395
369,0.404567
369,0.404975
369,0.405626
369,0.406155
369,0.406160
369,0.407201
369,0.409945
369,0.410109
369,0.410274
369,0.410277
369,0.411268
369,0.411939
370,0.413231
370,0.413455
370,0.414727
370,0.415194
370,0.418981
370,0.419465
370,0.420380
370,0.422854
370,0.423349
370,0.425353
370,0.425803
370,0.426510
370,0.426539
370,0.427301
370,0.427466
370,0.428055
370,0.428884
370,0.429084
370,0.429459
370,0.430781
370,0.432086
370,0.434128
371,0.435241
371,0.435590
371,0.437374
371,0.440044
371,0.440645
371,0.444098
371,0.447574
371,0.449399
371,0.449624
371,0.450375
371,0.451459
371,0.451513
371,0.452092
371,0.452403
371,0.453045
371,0.453060
371,0.454095
371,0.454666
371,0.455011
371,0.458381
371,0.460507
371,0.461030
371,0.461277
371,0.461722
371,0.461816
371,0.463050
372,0.466288
372,0.467303
372,0.468076
372,0.470216
372,0.471449
372,0.471603
372,0.472256
372,0.473281
372,0.476974
372,0.479251
372,0.479556
372,0.480821
372,0.480961
372,0.481101
372,0.481352
372,0.482059
372,0.484724
372,0.486360
372,0.487812
372,0.490211
372,0.490528
372,0.492056
372,0.492293
372,0.492774
372,0.492794
372,0.494050
372,0.494128
372,0.498110
372,0.499048
372,0.500025
372,0.500793
372,0.501006
372,0.502807
372,0.503982
372,0.505027
372,0.505349
372,0.507111
372,0.507231
372,0.507568
372,0.507774
372,0.508478
372,0.509554
372,0.509843
372,0.510711
372,0.510831
372,0.510916
372,0.511066
372,0.512461
372,0.515066
372,0.515266
372,0.516485
372,0.516847
372,0.518291
372,0.519098
372,0.520156
372,0.520950
372,0.520981
372,0.523335
372,0.524625
372,0.524742
372,0.525221
372,0.526731
372,0.527471
372,0.527499
373,0.527928
373,0.528080
373,0.528807
373,0.531670
373,0.532628
373,0.533892
373,0.534527
373,0.535868
373,0.538460
373,0.538990
373,0.539443
373,0.539545
373,0.541408
373,0.541778
373,0.542495
373,0.544419
373,0.544591
373,0.545126
373,0.545303
373,0.545602
373,0.545881
373,0.546010
373,0.546922
373,0.547742
373,0.548823
373,0.549106
373,0.549180
373,0.549923
373,0.550290
373,0.550295
373,0.550396
373,0.550828
373,0.550963
373,0.553233
373,0.553805
373,0.553878
373,0.554252
373,0.555404
373,0.557072
373,0.557109
373,0.557282
373,0.557555
373,0.558212
373,0.560817
373,0.561056
373,0.564951
373,0.565186
373,0.571419
373,0.575029
373,0.575250
373,0.575897
373,0.576645
373,0.579523
373,0.584515
373,0.585179
373,0.585197
373,0.587779
373,0.588210
373,0.588522
373,0.588976
373,0.589541
373,0.589886
373,0.590736
373,0.591227
373,0.591258
373,0.591312
373,0.592070
374,0.594387
374,0.594940
374,0.595299
374,0.595353
374,0.595606
374,0.596486
374,0.597026
374,0.598213
374,0.599467
374,0.599796
374,0.603183
374,0.604084
374,0.604670
374,0.605541
374,0.607792
374,0.609830
374,0.611269
374,0.611271
374,0.611615
374,0.612225
374,0.612581
374,0.612933
374,0.615397
374,0.616785
374,0.617795
374,0.618437
374,0.619111
374,0.619403
374,0.621436
374,0.622702
374,0.622851
374,0.623617
374,0.624070
374,0.624760
374,0.626447
374,0.627256
374,0.627351
374,0.628289
374,0.628461
374,0.629373
374,0.629481
374,0.631341
374,0.632182
374,0.633109
374,0.634501
374,0.634601
374,0.636126
374,0.637092
374,0.637274
375,0.641169
375,0.641400
375,0.641953
375,0.642145
375,0.644412
375,0.646205
375,0.646809
375,0.648304
375,0.650547
375,0.651046
375,0.651593
375,0.653230
375,0.654757
375,0.654998
375,0.656075
375,0.657690
375,0.657976
375,0.658629
375,0.659163
375,0.660726
375,0.661350
376,0.667347
376,0.667434
376,0.667991
376,0.669647
376,0.670427
376,0.671032
376,0.671276
376,0.671409
376,0.672028
376,0.672999
376,0.674100
376,0.676278
377,0.677953
377,0.678825
377,0.678937
377,0.679835
377,0.680358
377,0.680648
377,0.681779
377,0.682643
377,0.682984
377,0.683161
377,0.683725
377,0.684130
377,0.685174
377,0.685245
377,0.686312
377,0.686495
378,0.689361
378,0.693167
378,0.694033
378,0.694924
378,0.699072
379,0.700701
379,0.700772
379,0.702338
379,0.703073
379,0.703378
379,0.704414
379,0.705333
379,0.707181
379,0.708231
379,0.710406
379,0.711493
379,0.713781
379,0.714252
379,0.714655
379,0.715603
379,0.715629
379,0.715816
379,0.716389
379,0.717970
379,0.718541
379,0.719219
379,0.720306
379,0.721282
379,0.722269
379,0.723582
379,0.723751
379,0.724917
379,0.724985
379,0.725201
379,0.726452
379,0.726775
379,0.727685
379,0.729476
379,0.730715
379,0.731820
379,0.733844
379,0.735254
379,0.735881
380,0.736755
380,0.737244
380,0.737608
380,0.737763
380,0.739270
380,0.739766
380,0.741174
380,0.741375
380,0.743261
380,0.744579
380,0.744820
380,0.745913
380,0.746213
380,0.746368
380,0.747198
380,0.747408
380,0.747467
381,0.750114
381,0.751283
381,0.751972
381,0.753912
381,0.755658
381,0.757347
381,0.758575
381,0.758732
381,0.758852
382,0.760212
382,0.760482
382,0.761326
382,0.761584
382,0.762354
383,0.763308
400,0.767470
417,0.770482
422,0.775194
423,0.776253
423,0.776550
423,0.776762
424,0.777576
425,0.778511
425,0.778691
426,0.780207
426,0.780656
426,0.780904
427,0.781880
429,0.783332
430,0.784241
430,0.784875
435,0.786412
441,0.788016
445,0.789347
446,0.789850
446,0.789927
448,0.790647
449,0.791237
452,0.792499
455,0.794357
455,0.794868
456,0.795318
460,0.798371
460,0.798640
461,0.799000
463,0.801197
464,0.802245
464,0.802258
465,0.803052
467,0.805766
470,0.809977
472,0.811534
472,0.812936
473,0.813666
474,0.815601
475,0.816857
476,0.818008
476,0.818268
477,0.819916
477,0.820373
477,0.820471
478,0.821657
479,0.822402
479,0.823507
481,0.826346
481,0.827145
482,0.827628
482,0.827829
482,0.829168
482,0.829239
482,0.829276
483,0.829497
483,0.829640
483,0.830766
483,0.831016
484,0.831318
484,0.831509
484,0.832369
485,0.834238
486,0.835884
486,0.836002
487,0.837190
487,0.837487
487,0.837752
489,0.840029
490,0.841344
490,0.841871
491,0.842629
491,0.843498
492,0.844174
492,0.844286
492,0.845435
493,0.845689
493,0.846504
494,0.847455
494,0.848433
495,0.848983
495,0.849962
496,0.851918
497,0.853437
498,0.854849
499,0.855703
501,0.858329
503,0.861509
503,0.861725
504,0.863054
504,0.863594
504,0.864343
505,0.865161
506,0.866975
506,0.867080
507,0.867750
507,0.867786
507,0.867861
507,0.867902
508,0.869370
509,0.870901
509,0.871343
509,0.871708
510,0.872221
511,0.874097
512,0.874933
516,0.881577
517,0.882623
517,0.882762
517,0.882988
518,0.884241
518,0.884314
519,0.885627
521,0.888362
521,0.888723
521,0.889177
522,0.890839
522,0.891225
523,0.891508
524,0.893180
524,0.893923
524,0.894025
525,0.894509
525,0.894645
526,0.895955
527,0.896621
527,0.896831
527,0.897351
528,0.898399
528,0.898460
529,0.900026
531,0.901161
532,0.902651
532,0.903071
533,0.903509
534,0.904265
534,0.905157
535,0.906164
536,0.906701
537,0.908062
538,0.908921
539,0.909689
540,0.910416
540,0.910812
540,0.910948
540,0.911103
541,0.911727
541,0.911919
542,0.912790
543,0.913240
544,0.913916
546,0.915917
547,0.916504
549,0.918156
552,0.921121
553,0.921923
553,0.922154
555,0.923032
558,0.925375
559,0.926783
559,0.926832
559,0.927280
560,0.927586
561,0.928416
563,0.930936
564,0.931304
566,0.933754
567,0.934214
568,0.934752
568,0.935103
569,0.935430
572,0.938570
573,0.938894
573,0.939323
573,0.939384
574,0.939613
574,0.939921
575,0.940543
576,0.941126
576,0.941619
578,0.943185
578,0.943264
578,0.943293
580,0.944510
581,0.945211
581,0.945245
588,0.950030
589,0.950623
591,0.952010
591,0.952144
594,0.953879
595,0.954479
595,0.954501
595,0.954572
596,0.954948
599,0.956417
601,0.957632
602,0.957867
603,0.958560
605,0.959519
615,0.963133
620,0.964454
623,0.965433
627,0.966756
631,0.967707
639,0.969843
639,0.969850
645,0.971227
653,0.972690
660,0.973658
675,0.975534
705,0.978522
724,0.979720
760,0.981430
799,0.982551
820,0.983330
925,0.985588
1208,0.988209
1210,0.988212
2721,0.991749
2878,0.991934
2967,0.992032
4092,0.993011
4790,0.993625
4836,0.993674
6509,0.995761
9874,0.997731
10578,0.997991
29249286,0.999227
30176052,0.999895
139115604,0.999998
