37173.269255
26991.086389
362,0.000000
364,0.003567
364,0.004549
364,0.004639
364,0.005635
364,0.005724
364,0.006028
364,0.006520
364,0.009236
364,0.010424
364,0.011086
364,0.011159
364,0.011256
364,0.011430
364,0.012857
364,0.014425
364,0.016197
364,0.016260
364,0.016310
364,0.016331
364,0.016612
364,0.017519
364,0.019006
364,0.021647
364,0.021769
364,0.023215
364,0.024424
364,0.024908
364,0.024988
364,0.026727
364,0.027167
364,0.028913
364,0.028975
364,0.029546
364,0.030279
364,0.030397
364,0.031174
364,0.031845
364,0.033306
364,0.034544
364,0.034604
364,0.035435
364,0.036167
364,0.037119
364,0.037407
364,0.038946
364,0.039021
364,0.039968
364,0.040773
364,0.041360
364,0.041415
364,0.041569
364,0.042350
364,0.042450
364,0.044225
364,0.044823
364,0.045358
364,0.046200
364,0.048760
364,0.048915
364,0.052018
364,0.053832
364,0.054753
364,0.055024
364,0.056300
365,0.056831
365,0.057938
365,0.058529
365,0.061526
365,0.062579
365,0.063324
365,0.066130
365,0.066325
365,0.066809
365,0.067040
365,0.067478
365,0.068508
365,0.069701
365,0.071596
365,0.072285
365,0.073351
365,0.073676
365,0.074010
365,0.074755
365,0.075390
365,0.075434
365,0.075692
365,0.077163
365,0.079048
365,0.079187
365,0.081399
365,0.081695
365,0.081752
365,0.084198
365,0.085630
365,0.086726
365,0.087075
365,0.088505
365,0.089663
365,0.090398
365,0.093004
365,0.093617
365,0.093625
365,0.094806
365,0.095142
365,0.097070
365,0.097914
365,0.098196
365,0.098821
365,0.099053
365,0.101205
365,0.101628
365,0.102332
365,0.102598
365,0.103222
365,0.106024
365,0.106537
365,0.108318
365,0.108924
365,0.109608
365,0.109763
365,0.110323
365,0.112146
365,0.114508
365,0.115229
365,0.116295
365,0.117460
365,0.118557
365,0.119051
365,0.120938
365,0.120967
365,0.121067
365,0.122775
365,0.123238
365,0.124486
365,0.127457
365,0.127577
365,0.127984
365,0.127998
365,0.128323
365,0.134737
365,0.134936
365,0.135184
365,0.135731
365,0.136514
365,0.137870
365,0.138004
365,0.138038
365,0.138355
365,0.138980
365,0.140008
365,0.140696
365,0.141856
365,0.145744
365,0.147871
365,0.148099
365,0.149199
365,0.149330
365,0.151748
365,0.152570
365,0.153715
365,0.155777
365,0.158130
365,0.159356
365,0.160217
365,0.160288
365,0.161680
365,0.165725
365,0.166024
365,0.166080
365,0.166132
365,0.166744
365,0.169084
365,0.171871
365,0.171982
365,0.172474
365,0.174477
365,0.176899
365,0.176915
365,0.177670
365,0.179307
365,0.180803
365,0.180999
365,0.181020
365,0.184264
365,0.184454
365,0.186236
365,0.186951
365,0.188521
365,0.188905
365,0.188912
365,0.189113
365,0.190399
365,0.190597
365,0.191559
365,0.191574
365,0.192645
365,0.194797
365,0.195464
365,0.196369
365,0.196731
365,0.197479
365,0.197532
365,0.197608
365,0.199195
365,0.199497
365,0.199995
365,0.200538
365,0.201654
365,0.203261
365,0.203324
365,0.203452
365,0.204567
365,0.205533
365,0.207264
365,0.207283
365,0.207503
365,0.208445
365,0.208629
365,0.209117
365,0.211894
365,0.212322
365,0.212519
365,0.213153
365,0.213857
365,0.214843
365,0.215438
365,0.216351
365,0.217435
365,0.220225
365,0.220976
365,0.221038
365,0.221684
365,0.221865
365,0.222283
365,0.222324
365,0.223086
365,0.224333
365,0.225100
365,0.225452
365,0.226615
365,0.226622
365,0.226932
365,0.227085
365,0.227709
365,0.229515
365,0.230324
365,0.232493
365,0.233297
365,0.233678
365,0.233776
365,0.234336
365,0.234840
366,0.235134
366,0.235605
366,0.240167
366,0.240415
366,0.240908
366,0.240938
366,0.242100
366,0.243271
366,0.244293
366,0.244467
366,0.244506
366,0.244735
366,0.245281
366,0.246765
366,0.247308
366,0.249230
366,0.252762
366,0.253330
366,0.254473
366,0.255099
366,0.255721
366,0.256731
366,0.259407
366,0.259972
366,0.260098
366,0.260865
366,0.261584
366,0.263953
366,0.264344
366,0.264633
366,0.266364
366,0.268726
366,0.270638
366,0.271945
366,0.272276
366,0.272543
366,0.275033
366,0.276707
366,0.276919
366,0.278794
366,0.279818
366,0.279849
366,0.280379
366,0.280451
366,0.281087
366,0.281327
366,0.282301
366,0.282305
366,0.283319
366,0.286417
366,0.288348
366,0.288598
366,0.288720
366,0.289214
366,0.293689
366,0.295221
366,0.295239
366,0.295456
366,0.296390
366,0.296620
366,0.296747
366,0.297638
366,0.299038
366,0.300044
366,0.302777
366,0.303033
366,0.305053
366,0.306139
366,0.307819
366,0.308008
366,0.308037
366,0.309055
366,0.315052
366,0.315274
366,0.315490
366,0.315546
366,0.316834
366,0.316915
366,0.318148
366,0.318186
366,0.318876
366,0.319001
366,0.319108
366,0.319727
366,0.320438
366,0.321096
366,0.324826
366,0.325818
366,0.326086
366,0.327362
366,0.329141
366,0.329986
366,0.330076
366,0.330774
366,0.331016
366,0.331482
366,0.333139
366,0.333611
366,0.334890
366,0.334958
366,0.335307
366,0.335739
366,0.336071
366,0.341286
366,0.341971
366,0.342021
366,0.342882
366,0.344854
366,0.345969
366,0.346299
366,0.347020
366,0.348535
366,0.348883
366,0.350599
366,0.350634
366,0.353985
366,0.355364
366,0.356022
366,0.356411
366,0.357682
366,0.357690
366,0.358099
366,0.360144
366,0.360151
366,0.360913
366,0.361897
366,0.362023
366,0.362359
366,0.364161
366,0.364972
366,0.365086
366,0.366654
366,0.367840
366,0.368527
366,0.368689
366,0.369249
366,0.370082
366,0.370421
366,0.370715
366,0.371973
366,0.373508
366,0.374525
366,0.375266
366,0.377088
366,0.378363
366,0.379134
366,0.383823
366,0.383961
366,0.386707
366,0.386713
366,0.387111
366,0.387813
366,0.392677
366,0.394722
366,0.395478
366,0.395554
366,0.396107
366,0.396611
367,0.397920
367,0.397965
367,0.399471
367,0.400652
367,0.400956
367,0.401851
367,0.402815
367,0.404456
367,0.404978
367,0.410477
367,0.413822
367,0.415964
367,0.416844
367,0.417211
367,0.417426
367,0.417467
367,0.418099
367,0.420944
367,0.421159
367,0.421516
367,0.422028
367,0.422462
367,0.423152
367,0.423919
367,0.429679
368,0.430633
368,0.432870
368,0.433232
368,0.434323
368,0.434366
368,0.435137
369,0.436852
369,0.437711
370,0.438744
370,0.438821
370,0.442217
370,0.443552
370,0.443714
370,0.443727
370,0.443922
370,0.444035
370,0.444182
370,0.445013
370,0.445031
370,0.445102
370,0.445133
370,0.445371
370,0.446453
370,0.446552
370,0.446691
370,0.447315
370,0.447460
370,0.448440
370,0.449099
370,0.449324
370,0.452047
370,0.453222
370,0.453904
370,0.454067
370,0.454817
370,0.456523
370,0.456710
370,0.457981
370,0.458538
370,0.461268
370,0.462025
370,0.463070
370,0.464425
370,0.465098
370,0.465237
370,0.465332
370,0.466337
370,0.469128
370,0.469720
370,0.470022
370,0.471666
370,0.471773
370,0.473966
370,0.474541
370,0.474811
370,0.475353
370,0.475624
370,0.475843
370,0.476410
370,0.478345
370,0.478526
370,0.479766
370,0.479854
370,0.481398
370,0.482036
370,0.484236
370,0.485062
370,0.485361
370,0.486410
370,0.487314
370,0.488364
370,0.489277
370,0.490416
371,0.491189
371,0.493699
371,0.493889
371,0.494525
371,0.495005
371,0.497367
371,0.500980
371,0.501152
371,0.501859
371,0.502353
371,0.502386
371,0.504655
371,0.505403
371,0.505797
371,0.507644
371,0.509880
371,0.510160
371,0.511199
371,0.511717
371,0.512003
371,0.512154
371,0.513004
371,0.513351
371,0.515625
371,0.517157
371,0.517743
371,0.520111
371,0.520474
371,0.521601
371,0.521962
371,0.522953
371,0.522963
371,0.523946
371,0.524431
371,0.527514
371,0.527777
371,0.528632
371,0.529711
371,0.530532
371,0.534241
371,0.534833
371,0.535335
371,0.535717
371,0.536157
371,0.536685
371,0.537078
371,0.537211
371,0.542646
371,0.544475
371,0.545696
371,0.546799
371,0.546824
371,0.547020
371,0.548435
371,0.549081
371,0.549445
371,0.550364
371,0.551624
371,0.554098
372,0.555789
372,0.560663
372,0.560986
372,0.561001
372,0.563683
372,0.563793
372,0.568333
372,0.568360
372,0.569045
372,0.570061
372,0.570510
372,0.570914
372,0.572005
372,0.573516
372,0.574639
372,0.575347
372,0.575763
372,0.577385
372,0.578784
372,0.580783
372,0.581755
372,0.582563
372,0.583374
372,0.584107
372,0.584343
372,0.585200
372,0.585483
372,0.587317
372,0.587991
372,0.589196
372,0.589398
372,0.589886
372,0.592493
372,0.594654
372,0.594945
372,0.597150
372,0.597747
372,0.600171
372,0.603385
372,0.605799
372,0.606779
372,0.606854
372,0.608433
372,0.611510
372,0.612195
372,0.612473
372,0.614327
372,0.615144
372,0.619067
372,0.620713
372,0.621998
372,0.622101
372,0.622420
372,0.622861
372,0.623608
372,0.623843
372,0.625328
372,0.626008
372,0.626377
372,0.627084
372,0.627357
372,0.627755
372,0.628053
372,0.629330
372,0.629861
372,0.631175
372,0.631894
372,0.632641
372,0.633046
372,0.633897
372,0.633984
372,0.634972
372,0.636374
372,0.637968
372,0.638055
372,0.640078
372,0.640129
372,0.640528
372,0.640818
372,0.641792
372,0.641974
372,0.642261
373,0.645780
373,0.647675
373,0.648662
373,0.648700
373,0.648772
373,0.650203
373,0.651046
373,0.651590
373,0.651882
373,0.652437
373,0.652454
373,0.652515
373,0.653411
373,0.653778
373,0.654737
373,0.655621
373,0.656443
373,0.656862
373,0.657612
373,0.657613
373,0.658260
373,0.660827
373,0.660952
373,0.661171
373,0.661203
373,0.661722
373,0.664419
373,0.664920
373,0.665284
373,0.666639
373,0.668537
373,0.671424
373,0.672271
374,0.673721
374,0.675642
374,0.675692
374,0.677251
374,0.677493
374,0.677826
375,0.678942
375,0.680125
375,0.680354
375,0.680617
376,0.683144
376,0.683772
376,0.683820
376,0.685706
376,0.685991
376,0.686712
376,0.687035
376,0.687111
377,0.689408
377,0.689758
377,0.689923
377,0.690697
377,0.693378
377,0.693617
377,0.694551
377,0.694604
377,0.698150
377,0.698217
377,0.701705
377,0.701707
377,0.701932
377,0.702659
377,0.703375
377,0.703557
377,0.704083
377,0.704220
377,0.705184
377,0.705656
377,0.705670
377,0.706671
377,0.706730
378,0.708901
378,0.709418
378,0.711653
378,0.713688
378,0.714652
378,0.715790
378,0.716262
378,0.716312
378,0.716419
378,0.717383
378,0.718193
378,0.718989
378,0.719040
378,0.719977
378,0.721136
378,0.721234
378,0.722297
378,0.724981
378,0.725714
378,0.725742
378,0.725879
378,0.727505
378,0.730479
378,0.731776
378,0.733032
379,0.736061
379,0.736585
379,0.738737
379,0.738827
379,0.738829
379,0.741045
379,0.741286
379,0.741692
379,0.743256
379,0.746824
379,0.747633
379,0.749078
379,0.749859
379,0.749885
379,0.753999
379,0.754617
379,0.756838
380,0.757627
380,0.758253
380,0.758591
392,0.761483
417,0.765736
419,0.766707
420,0.767849
421,0.768217
422,0.769182
427,0.772758
429,0.774195
437,0.776221
439,0.776454
440,0.777017
442,0.777450
442,0.777571
447,0.779741
448,0.779906
448,0.779922
450,0.781156
453,0.782939
455,0.783823
455,0.784166
458,0.785856
458,0.785869
458,0.786135
459,0.787265
459,0.787485
460,0.787676
460,0.788502
460,0.788551
462,0.790597
462,0.790604
464,0.793738
464,0.794306
464,0.794369
465,0.794662
465,0.794674
465,0.795308
465,0.795310
465,0.795428
466,0.796200
466,0.797208
466,0.797468
467,0.798909
467,0.799231
469,0.802733
469,0.803403
470,0.804587
470,0.805121
470,0.805428
471,0.807292
471,0.808048
472,0.808821
472,0.809548
472,0.810655
473,0.812807
473,0.813226
474,0.815488
475,0.816119
476,0.817307
476,0.817420
476,0.818962
477,0.819379
477,0.819393
477,0.820623
478,0.820861
479,0.823150
480,0.824840
480,0.825559
481,0.826498
481,0.826516
481,0.826944
481,0.828092
483,0.830971
484,0.832924
484,0.833418
485,0.834960
485,0.834991
485,0.835273
487,0.838621
487,0.838947
488,0.839483
488,0.840033
490,0.844093
491,0.845046
492,0.845980
492,0.846550
492,0.846812
493,0.847357
494,0.849358
496,0.852929
496,0.853328
497,0.855042
498,0.856243
498,0.856452
498,0.856577
499,0.857767
501,0.860875
502,0.861622
503,0.863103
504,0.865239
505,0.866486
506,0.868452
506,0.868464
510,0.874009
510,0.874456
511,0.875188
511,0.875339
512,0.877868
513,0.879168
514,0.879407
515,0.881779
517,0.883945
518,0.885057
518,0.885712
518,0.885923
519,0.886419
519,0.886656
520,0.888408
520,0.888548
520,0.889154
521,0.890340
523,0.893569
524,0.895279
525,0.895939
525,0.895997
525,0.896537
527,0.898724
528,0.900010
529,0.900341
532,0.903836
534,0.905635
535,0.906821
535,0.907046
535,0.907103
536,0.907678
536,0.908336
538,0.910051
538,0.910143
538,0.910170
539,0.910598
540,0.911225
542,0.913223
543,0.914298
543,0.914359
546,0.916724
547,0.917364
547,0.917398
547,0.917596
548,0.918436
549,0.919846
550,0.920322
551,0.921314
553,0.922657
553,0.922810
553,0.922998
553,0.923116
554,0.923379
554,0.923604
555,0.924214
556,0.925707
557,0.925852
557,0.926126
560,0.928780
561,0.930617
562,0.930832
562,0.931337
563,0.931912
563,0.932256
564,0.932951
564,0.932972
565,0.934134
566,0.934977
566,0.935183
568,0.936752
569,0.937341
570,0.938232
570,0.938460
574,0.942080
577,0.944043
578,0.945075
580,0.947148
581,0.947854
582,0.948200
583,0.949329
585,0.950541
587,0.952458
589,0.953390
589,0.953423
591,0.954956
595,0.957622
596,0.957840
596,0.958045
596,0.958261
597,0.958831
598,0.959046
598,0.959054
607,0.964224
611,0.965894
615,0.967190
618,0.968512
620,0.969154
625,0.970913
640,0.975139
641,0.975238
646,0.976568
646,0.976586
651,0.977486
656,0.978570
657,0.978727
664,0.979711
665,0.979982
674,0.981235
678,0.981853
689,0.983304
693,0.983694
699,0.984290
700,0.984334
711,0.985280
724,0.986290
729,0.986636
735,0.986998
748,0.987654
770,0.988510
776,0.988660
790,0.989038
791,0.989080
808,0.989610
861,0.990714
887,0.991331
2569,0.995266
6730,0.997738
8800,0.998464
28608165,0.999372
139777856,0.999999
