73821.971740
13554.762841
353,0.000000
359,0.000379
360,0.000939
360,0.004695
360,0.005714
360,0.007174
361,0.007925
361,0.009565
361,0.010154
361,0.012163
361,0.014524
361,0.015024
361,0.017678
361,0.017877
361,0.019137
361,0.020246
361,0.020746
361,0.020963
361,0.021540
361,0.022266
361,0.022856
361,0.023828
361,0.023940
361,0.024737
361,0.024872
361,0.026177
361,0.026241
361,0.026761
361,0.027267
361,0.027869
361,0.028093
361,0.028321
361,0.028360
361,0.028437
361,0.029488
361,0.030888
361,0.032908
361,0.033562
361,0.034346
361,0.034913
361,0.035310
361,0.035823
361,0.038320
361,0.038367
361,0.041416
361,0.043196
361,0.043443
361,0.044372
361,0.045962
362,0.048128
362,0.049723
362,0.049744
362,0.050249
362,0.051205
362,0.052698
362,0.053863
362,0.053941
362,0.054006
362,0.054506
362,0.054847
362,0.055038
362,0.055564
362,0.055579
362,0.055749
362,0.056594
362,0.057096
362,0.059526
362,0.061642
362,0.061730
362,0.061904
362,0.062963
362,0.063376
362,0.063479
362,0.065098
362,0.065303
362,0.067388
362,0.067902
362,0.070523
362,0.071228
362,0.072365
362,0.072559
362,0.072978
362,0.073282
362,0.073465
362,0.073952
362,0.075537
362,0.077038
362,0.077245
362,0.077666
362,0.079097
362,0.080928
362,0.082222
362,0.082408
362,0.083420
362,0.084004
362,0.084781
362,0.084957
362,0.085093
362,0.085329
362,0.085351
362,0.086236
362,0.087114
362,0.087301
362,0.089116
362,0.089935
362,0.090929
362,0.091826
362,0.092845
362,0.096215
362,0.096512
362,0.097835
362,0.100091
362,0.102059
362,0.102268
362,0.104996
362,0.106230
362,0.106703
362,0.108337
362,0.112242
362,0.112553
362,0.112667
362,0.114026
362,0.114136
362,0.114148
362,0.114650
362,0.115845
362,0.115870
362,0.116835
362,0.117222
362,0.119034
362,0.119442
362,0.120605
362,0.120861
362,0.122994
362,0.125280
362,0.125364
362,0.125840
362,0.130029
362,0.130543
362,0.133276
362,0.134657
362,0.135354
362,0.135727
362,0.135859
362,0.136410
362,0.136511
362,0.136711
362,0.138305
362,0.138583
362,0.143721
362,0.146233
362,0.148186
362,0.150833
362,0.150979
362,0.152371
362,0.152702
362,0.152739
362,0.152762
362,0.153272
362,0.153516
362,0.154933
362,0.155803
362,0.156722
362,0.158084
362,0.158394
362,0.159517
362,0.159575
362,0.159682
362,0.160871
362,0.161200
362,0.161456
362,0.162721
362,0.162844
362,0.169760
362,0.170865
362,0.171301
362,0.171755
362,0.172166
362,0.174996
362,0.175373
362,0.176660
362,0.180390
362,0.187792
362,0.188150
362,0.188451
362,0.189825
362,0.191753
362,0.194281
362,0.194712
362,0.195169
362,0.195639
362,0.198448
362,0.198947
362,0.198949
362,0.199651
362,0.200951
362,0.201626
362,0.202646
362,0.204540
362,0.205428
362,0.205663
362,0.207116
362,0.207772
362,0.207869
362,0.209295
362,0.212150
362,0.212328
362,0.213699
362,0.213958
362,0.215472
362,0.215936
362,0.216467
362,0.217296
362,0.222460
362,0.223050
362,0.223440
362,0.223536
362,0.223981
362,0.224898
362,0.227035
362,0.227815
362,0.227823
362,0.228990
362,0.229245
362,0.231372
362,0.232257
362,0.233315
362,0.233395
362,0.235577
362,0.236191
362,0.236245
362,0.236889
362,0.239544
362,0.240935
362,0.240961
362,0.241016
362,0.242190
362,0.243461
362,0.244349
362,0.245379
362,0.245541
362,0.246479
362,0.246890
362,0.247508
362,0.247855
362,0.248307
362,0.248472
362,0.249182
362,0.249493
362,0.249497
362,0.250001
362,0.251021
362,0.251825
362,0.252085
362,0.253497
362,0.253959
362,0.254834
362,0.255577
362,0.256860
362,0.258510
362,0.260185
362,0.260473
362,0.263005
362,0.263620
362,0.265445
362,0.266020
362,0.269248
362,0.270358
362,0.271829
362,0.272914
362,0.274131
362,0.274618
362,0.275577
362,0.275711
363,0.276529
363,0.278078
363,0.279260
363,0.280506
363,0.280871
363,0.281110
363,0.281271
363,0.282734
363,0.283749
363,0.283818
363,0.285510
363,0.288899
363,0.289627
363,0.294383
363,0.294493
363,0.295528
363,0.296897
363,0.297081
363,0.297441
363,0.300593
363,0.302067
363,0.302517
363,0.303036
363,0.303187
363,0.303724
363,0.303885
363,0.305622
363,0.306539
363,0.306770
363,0.307518
363,0.307724
363,0.307744
363,0.309168
363,0.309323
363,0.309638
363,0.310165
363,0.310533
363,0.311508
363,0.312340
363,0.312711
363,0.313785
363,0.315252
363,0.315566
363,0.317093
363,0.317265
363,0.318431
363,0.319204
363,0.319524
363,0.319980
363,0.320141
363,0.322269
363,0.323194
363,0.325843
363,0.329010
363,0.329521
363,0.329635
363,0.330793
363,0.332809
363,0.333502
363,0.333631
363,0.333816
363,0.333841
363,0.334109
363,0.334299
363,0.335899
363,0.336609
363,0.337408
363,0.339822
363,0.340326
363,0.346209
363,0.346274
363,0.349211
363,0.350129
363,0.351302
363,0.351374
363,0.351636
363,0.351848
363,0.354346
363,0.357436
363,0.357543
363,0.358692
363,0.359376
363,0.361899
363,0.362773
363,0.363384
363,0.365016
363,0.365975
363,0.368203
363,0.368502
363,0.370348
363,0.370483
363,0.371108
363,0.371162
363,0.371966
363,0.372024
363,0.373034
363,0.373683
363,0.373883
363,0.374782
363,0.375548
363,0.377601
363,0.377950
363,0.378246
363,0.378741
363,0.378874
363,0.379342
363,0.380847
363,0.383267
363,0.385298
363,0.385823
364,0.391036
364,0.391394
364,0.393118
364,0.393378
364,0.393617
364,0.396083
364,0.397096
364,0.397107
364,0.400596
364,0.401657
364,0.401665
364,0.402323
364,0.403380
364,0.404901
364,0.405059
364,0.406104
364,0.407134
364,0.407325
364,0.408215
364,0.408488
364,0.409068
364,0.410311
364,0.410674
364,0.412646
364,0.412847
364,0.413805
364,0.413917
364,0.415190
364,0.415900
364,0.416891
364,0.418247
364,0.419078
364,0.419405
364,0.419421
364,0.419827
364,0.419922
364,0.420629
364,0.421848
364,0.422807
364,0.423146
364,0.423701
364,0.427998
364,0.429233
365,0.436310
365,0.436656
365,0.437547
365,0.437712
365,0.437747
365,0.437868
365,0.438238
365,0.438884
365,0.439933
365,0.439936
365,0.440651
365,0.441798
366,0.444715
367,0.448322
367,0.451285
367,0.452454
367,0.454927
367,0.458914
367,0.460316
367,0.460717
367,0.460826
367,0.462174
367,0.462505
367,0.463657
367,0.464657
367,0.466176
367,0.466259
368,0.467522
368,0.468394
368,0.469883
368,0.471060
368,0.474214
368,0.474789
368,0.475236
368,0.475279
368,0.481085
368,0.482024
368,0.482992
368,0.483194
368,0.483582
368,0.483727
368,0.484865
368,0.486163
368,0.488222
368,0.488817
368,0.489323
368,0.491061
368,0.492263
368,0.492594
368,0.493199
368,0.494250
368,0.497655
368,0.497710
368,0.497888
368,0.497908
368,0.500255
368,0.500670
368,0.503621
368,0.504012
368,0.505412
368,0.507065
368,0.507412
368,0.507445
368,0.507507
368,0.508295
368,0.513219
368,0.513252
368,0.513426
368,0.513980
368,0.516569
368,0.516981
368,0.517134
368,0.517314
368,0.519667
368,0.519761
368,0.521608
368,0.522831
368,0.525405
368,0.525524
368,0.525699
368,0.527133
368,0.527265
368,0.527317
368,0.528095
368,0.528254
368,0.528521
368,0.529372
368,0.529889
368,0.529933
368,0.532361
368,0.532847
368,0.534857
368,0.535369
368,0.540029
368,0.541416
368,0.541961
368,0.542695
368,0.543137
368,0.543554
368,0.545207
368,0.546139
368,0.546303
368,0.548361
369,0.548991
369,0.549704
369,0.550081
369,0.552426
369,0.554653
369,0.555456
369,0.556135
369,0.557415
369,0.557833
369,0.557900
369,0.560479
369,0.561143
369,0.561904
369,0.563552
369,0.563619
369,0.565914
369,0.566410
369,0.567239
369,0.568035
369,0.568884
369,0.570352
369,0.571726
369,0.572226
369,0.572413
369,0.572683
369,0.574363
369,0.575120
369,0.577715
369,0.578220
369,0.580228
369,0.580564
369,0.581837
369,0.584047
369,0.585075
369,0.586254
369,0.587217
369,0.587766
369,0.590450
369,0.590921
369,0.593177
369,0.594293
369,0.594968
369,0.595610
369,0.598361
369,0.598362
369,0.599772
369,0.600893
369,0.601046
369,0.601267
369,0.602109
369,0.602405
369,0.603585
369,0.603588
369,0.604679
369,0.605119
369,0.605251
369,0.605441
369,0.605491
369,0.605521
369,0.605754
369,0.606935
369,0.607765
369,0.608670
369,0.615012
369,0.615295
369,0.618899
369,0.619841
369,0.620182
369,0.620520
369,0.621305
370,0.625395
370,0.626014
370,0.627011
370,0.627736
370,0.634629
370,0.636213
370,0.638536
370,0.639162
370,0.639825
370,0.641727
370,0.642684
371,0.647352
372,0.648146
373,0.650288
374,0.650814
374,0.651104
374,0.654435
374,0.656933
374,0.658588
374,0.658921
374,0.660321
374,0.660406
374,0.661547
374,0.662004
374,0.662135
374,0.665011
374,0.665219
374,0.666657
375,0.668282
375,0.671576
375,0.672372
375,0.674706
375,0.674737
375,0.679207
375,0.680349
375,0.681617
375,0.682139
375,0.682855
375,0.685159
375,0.685367
375,0.685666
375,0.686162
376,0.687883
376,0.691000
376,0.691119
376,0.691390
376,0.691984
376,0.693432
376,0.693720
376,0.694478
376,0.695683
376,0.696061
376,0.696325
376,0.696440
376,0.697680
376,0.698237
376,0.698818
377,0.701307
378,0.704288
379,0.704922
381,0.705700
381,0.705784
383,0.706398
384,0.706652
387,0.707718
390,0.708510
390,0.708730
391,0.708932
393,0.709677
394,0.709852
394,0.709954
396,0.710288
405,0.712512
405,0.712553
406,0.712748
408,0.713418
410,0.713881
413,0.715448
414,0.715793
414,0.716325
415,0.716479
415,0.717236
415,0.717400
416,0.718143
416,0.719050
417,0.720153
417,0.720889
418,0.721719
418,0.722429
418,0.723298
419,0.723568
419,0.724796
420,0.725204
420,0.726826
421,0.727445
422,0.728841
422,0.728893
422,0.729279
424,0.733358
425,0.734613
425,0.735247
425,0.736042
425,0.736092
426,0.736364
426,0.738393
427,0.739053
427,0.739071
427,0.739660
427,0.740176
428,0.740793
428,0.740947
430,0.743585
431,0.743922
431,0.743949
434,0.745925
435,0.746629
437,0.748421
437,0.748440
438,0.749495
440,0.750909
440,0.751160
442,0.751907
442,0.752477
444,0.753257
447,0.754780
449,0.756117
450,0.756396
453,0.758234
457,0.761178
459,0.762558
460,0.764090
461,0.765047
461,0.765124
462,0.766076
462,0.766415
462,0.766482
463,0.767730
463,0.768757
463,0.768997
463,0.769069
464,0.769801
465,0.771087
465,0.771285
465,0.771552
465,0.771745
466,0.773584
466,0.773965
466,0.774439
467,0.775389
468,0.776696
468,0.776784
468,0.776879
468,0.778182
468,0.778602
468,0.778620
469,0.778837
469,0.780398
469,0.780439
470,0.781237
470,0.781609
470,0.781818
471,0.784600
471,0.785176
472,0.786627
472,0.788649
473,0.789934
473,0.791024
474,0.791371
474,0.791620
474,0.791821
474,0.792472
475,0.793534
475,0.794087
477,0.795825
477,0.795901
477,0.795916
478,0.797114
479,0.798806
482,0.801587
482,0.801606
482,0.802123
482,0.802678
483,0.803404
484,0.804062
485,0.805205
485,0.805556
485,0.805592
487,0.807448
488,0.808785
488,0.809416
489,0.810228
490,0.811353
491,0.811671
492,0.812694
492,0.813590
493,0.813858
493,0.814759
493,0.814768
495,0.816416
496,0.818297
497,0.818959
497,0.819589
501,0.824316
502,0.824698
502,0.824951
504,0.827069
504,0.827314
506,0.829924
506,0.830250
506,0.830539
507,0.831685
508,0.832187
508,0.832701
510,0.834976
510,0.835293
511,0.836708
512,0.836915
513,0.838756
516,0.843049
517,0.843758
519,0.845989
519,0.846307
519,0.846316
520,0.848665
521,0.849071
522,0.851530
523,0.852710
523,0.852839
524,0.853078
524,0.853352
525,0.854804
525,0.855426
526,0.855758
526,0.856045
526,0.856125
526,0.856469
527,0.857536
530,0.860921
531,0.861094
531,0.861195
531,0.861725
532,0.862631
533,0.863204
535,0.864983
536,0.865887
536,0.866333
536,0.866342
537,0.867102
537,0.867309
538,0.867922
540,0.869758
541,0.870319
541,0.870407
541,0.870532
541,0.870664
541,0.870689
542,0.871002
545,0.873672
546,0.874105
546,0.874150
546,0.874545
548,0.875976
549,0.876610
549,0.876863
550,0.877162
550,0.877830
553,0.879748
555,0.881015
557,0.882875
559,0.884681
559,0.884878
559,0.885022
560,0.885221
562,0.887698
563,0.888016
564,0.889487
564,0.889576
565,0.890190
573,0.897405
574,0.897663
574,0.897886
576,0.899496
576,0.899745
576,0.899867
581,0.903289
581,0.903375
585,0.905787
585,0.906112
585,0.906244
586,0.906469
590,0.909068
591,0.909568
591,0.909990
594,0.911241
596,0.912410
598,0.913211
600,0.914504
601,0.915150
603,0.916294
604,0.916802
605,0.917397
610,0.919578
611,0.920094
612,0.920433
613,0.920808
614,0.921080
614,0.921180
637,0.929615
640,0.930549
642,0.931243
643,0.931428
647,0.932464
651,0.933404
652,0.933721
654,0.934044
656,0.934484
656,0.934571
657,0.934702
657,0.934821
663,0.936043
666,0.936452
666,0.936556
679,0.939130
683,0.939895
683,0.939914
684,0.940033
685,0.940330
688,0.940967
691,0.941430
692,0.941517
700,0.942818
704,0.943389
715,0.944782
716,0.944952
728,0.946371
733,0.946879
738,0.947273
750,0.948283
780,0.950278
785,0.950628
790,0.950963
791,0.951052
808,0.952514
832,0.954408
833,0.954441
845,0.955399
846,0.955470
846,0.955483
850,0.955761
864,0.956884
877,0.957943
883,0.958482
888,0.958892
892,0.959119
897,0.959466
904,0.959849
925,0.960952
945,0.961784
967,0.962647
996,0.963504
1006,0.963795
1023,0.964270
1032,0.964509
1040,0.964694
1072,0.965506
1101,0.966204
1193,0.968183
1194,0.968203
1241,0.969030
1348,0.970794
1402,0.971418
1417,0.971599
1502,0.972517
1636,0.973853
1744,0.974600
2905,0.977441
3269,0.978096
3612,0.979281
3672,0.979615
3763,0.980181
3787,0.980349
3820,0.980562
3833,0.980635
3941,0.981307
4102,0.982284
4173,0.982675
4311,0.983360
4537,0.984455
4586,0.984696
4854,0.986023
5075,0.987010
5612,0.988724
5716,0.988998
6153,0.990673
6156,0.990682
6680,0.992601
7000,0.993256
2324810,0.996132
2342322,0.996670
2363460,0.997436
2391104,0.998442
102813338,1.000000
