23434.115735
42619.330356
351,0.000000
364,0.000859
364,0.001934
364,0.001976
364,0.002173
364,0.002833
364,0.002867
364,0.002931
364,0.004443
364,0.004692
364,0.006100
364,0.006324
364,0.006613
364,0.007290
364,0.007749
364,0.008227
364,0.008416
364,0.008769
364,0.008910
364,0.010999
365,0.012867
365,0.013191
365,0.016623
365,0.017873
365,0.018715
365,0.022182
365,0.024442
365,0.024715
365,0.027254
365,0.028185
365,0.029397
365,0.030562
365,0.030967
365,0.031026
365,0.031450
365,0.031613
365,0.032333
365,0.033816
365,0.036119
365,0.038065
365,0.038735
365,0.039214
365,0.039275
365,0.039560
365,0.039785
365,0.040628
365,0.040747
365,0.040994
365,0.041029
365,0.042289
365,0.043961
365,0.045636
365,0.047037
365,0.047669
365,0.048071
365,0.050269
365,0.050503
365,0.050840
365,0.051180
365,0.051671
365,0.053782
365,0.055189
365,0.056069
365,0.056715
365,0.058207
365,0.059796
365,0.060185
365,0.060825
365,0.063467
365,0.063526
365,0.063846
365,0.067115
365,0.068702
365,0.069310
365,0.070147
365,0.070248
365,0.070349
365,0.072708
365,0.073238
365,0.075055
365,0.076565
365,0.077690
365,0.077743
365,0.078137
365,0.079790
365,0.080403
365,0.081016
365,0.081162
366,0.081624
366,0.081740
366,0.082981
366,0.083499
366,0.085492
366,0.085934
366,0.085957
366,0.086014
366,0.086271
366,0.087383
366,0.088307
366,0.089392
366,0.090322
366,0.090333
366,0.090406
366,0.090457
366,0.091777
366,0.092576
366,0.093968
366,0.097811
366,0.098205
366,0.098789
366,0.101197
366,0.103081
366,0.105200
366,0.105301
366,0.105695
366,0.105783
366,0.107059
366,0.107707
366,0.110120
366,0.112656
366,0.112927
366,0.115630
366,0.115872
366,0.116165
366,0.116193
366,0.116508
366,0.116584
366,0.116734
366,0.116947
366,0.118179
366,0.118234
366,0.118256
366,0.118449
366,0.118736
366,0.119465
366,0.120388
366,0.120999
366,0.121504
366,0.122840
366,0.124528
366,0.125192
366,0.125687
366,0.128260
366,0.129395
366,0.131290
366,0.131762
366,0.134010
366,0.134404
366,0.135739
366,0.135867
366,0.140696
366,0.141389
366,0.143627
366,0.144095
366,0.144508
366,0.145181
366,0.146442
366,0.147060
366,0.147456
366,0.147539
366,0.148078
366,0.151822
366,0.153284
366,0.155163
366,0.156074
366,0.156811
366,0.156835
366,0.157164
366,0.157840
366,0.159068
366,0.162365
366,0.163735
366,0.164455
366,0.165119
366,0.166217
366,0.168807
366,0.170040
366,0.171222
366,0.171255
366,0.171412
366,0.171437
366,0.171612
366,0.171794
366,0.172167
366,0.172460
366,0.177048
366,0.177243
366,0.179681
366,0.180118
366,0.183584
366,0.184954
366,0.185083
366,0.185112
366,0.185780
366,0.187131
366,0.187907
366,0.188056
366,0.188232
366,0.188299
366,0.190874
366,0.191450
366,0.193465
366,0.193549
366,0.193915
366,0.194856
366,0.195213
366,0.195297
366,0.196361
366,0.200260
366,0.201181
366,0.202160
366,0.202240
366,0.202948
366,0.203063
366,0.203698
366,0.204242
367,0.204574
367,0.204944
367,0.205732
367,0.205935
367,0.206083
367,0.207134
367,0.207289
367,0.207798
367,0.208222
367,0.212112
367,0.213991
367,0.216817
367,0.217319
367,0.219180
367,0.219433
367,0.220743
367,0.221575
367,0.222498
367,0.224654
367,0.227011
367,0.227300
367,0.228326
367,0.230729
367,0.231805
367,0.232676
367,0.233703
367,0.237291
367,0.237626
367,0.237672
367,0.238052
367,0.238217
367,0.241620
367,0.242151
367,0.242586
367,0.243401
367,0.243917
367,0.244183
367,0.246569
367,0.248258
367,0.249423
367,0.250793
367,0.252488
367,0.252514
367,0.252942
367,0.253488
367,0.256179
367,0.258383
367,0.258522
367,0.258529
367,0.259102
367,0.259196
367,0.260951
367,0.261983
367,0.263566
367,0.264073
367,0.265329
367,0.265914
367,0.268003
367,0.268267
367,0.268909
367,0.268975
367,0.270419
367,0.270616
367,0.271305
367,0.272650
367,0.274917
367,0.275860
367,0.276111
367,0.276409
367,0.276704
367,0.276839
367,0.277021
367,0.278340
367,0.278503
367,0.279526
367,0.281504
367,0.281575
367,0.282908
367,0.286817
367,0.288370
367,0.289807
367,0.290852
367,0.290882
367,0.291321
367,0.292950
367,0.293084
367,0.293530
367,0.293853
367,0.294118
367,0.295509
367,0.295736
367,0.295790
367,0.296025
367,0.296352
367,0.296486
367,0.296634
367,0.299039
367,0.302272
367,0.302437
367,0.302670
367,0.303811
367,0.305276
367,0.308829
367,0.309789
367,0.310065
367,0.310452
367,0.311479
367,0.311681
367,0.312155
367,0.312479
367,0.313896
367,0.314420
367,0.314504
367,0.316215
367,0.316225
367,0.316881
367,0.317952
367,0.318342
367,0.319669
367,0.321478
367,0.322980
367,0.323678
367,0.325348
367,0.325417
367,0.326217
367,0.326634
367,0.327123
367,0.328371
367,0.330147
367,0.330194
367,0.333299
367,0.334252
367,0.337270
368,0.339939
368,0.340428
368,0.341327
368,0.343741
368,0.343918
368,0.344674
368,0.344877
368,0.346297
368,0.348543
368,0.349673
368,0.350160
368,0.350633
368,0.350827
368,0.351457
368,0.353056
368,0.356380
368,0.356650
368,0.357363
368,0.359419
368,0.359546
368,0.360049
368,0.360081
368,0.360623
368,0.360674
368,0.361118
368,0.361531
368,0.361871
368,0.361997
368,0.362794
368,0.364564
368,0.365686
368,0.369086
368,0.370262
368,0.370488
368,0.371161
368,0.371895
368,0.371932
368,0.374600
368,0.375286
368,0.375836
368,0.376665
368,0.377278
368,0.377630
368,0.378938
368,0.379410
368,0.381365
368,0.384399
368,0.384525
368,0.384666
368,0.384790
368,0.384824
368,0.385775
368,0.386147
368,0.386310
368,0.389320
368,0.393393
368,0.395272
368,0.398558
368,0.398602
368,0.399730
368,0.399976
368,0.400278
368,0.401939
368,0.402875
368,0.404104
368,0.405953
368,0.407768
369,0.408789
369,0.409344
369,0.411342
369,0.414759
369,0.415517
369,0.415786
370,0.416946
370,0.417652
370,0.418690
370,0.419172
371,0.422754
371,0.422896
371,0.424701
371,0.424941
371,0.425058
371,0.425096
371,0.425378
371,0.425739
371,0.426965
371,0.427105
371,0.427211
371,0.428197
371,0.428382
371,0.428506
371,0.428594
371,0.429577
371,0.430346
371,0.431576
371,0.432389
371,0.432847
371,0.433487
371,0.435559
371,0.435691
371,0.436043
371,0.436230
371,0.436835
371,0.437138
371,0.437404
371,0.438015
371,0.438064
371,0.441274
371,0.443733
371,0.446449
371,0.446864
371,0.447724
371,0.447899
371,0.450272
371,0.450442
371,0.450711
371,0.451087
372,0.452819
372,0.453963
372,0.454306
372,0.456350
372,0.458406
372,0.458785
372,0.460553
372,0.460678
372,0.460870
372,0.461578
372,0.462467
372,0.465050
372,0.465131
372,0.466360
372,0.466450
372,0.466610
372,0.467836
372,0.468037
372,0.470495
372,0.470657
372,0.472058
372,0.472638
372,0.473308
372,0.474601
372,0.476348
372,0.477109
372,0.477673
372,0.479881
372,0.482276
372,0.482943
372,0.483768
372,0.484902
372,0.485735
372,0.486270
372,0.486392
372,0.486553
372,0.487471
372,0.488217
372,0.488404
372,0.489889
372,0.492880
372,0.493814
372,0.493915
372,0.495346
372,0.497078
372,0.497892
372,0.498094
372,0.498302
372,0.499423
372,0.500740
372,0.500869
372,0.502697
372,0.503991
372,0.503998
372,0.505833
372,0.506248
372,0.506456
372,0.506654
372,0.507810
372,0.508720
372,0.511181
372,0.511298
372,0.513195
372,0.513672
372,0.514617
372,0.514643
372,0.515548
372,0.515899
372,0.518347
372,0.518799
372,0.519375
372,0.520600
372,0.520836
372,0.521120
372,0.523170
372,0.523174
372,0.523335
372,0.526716
372,0.527406
372,0.527939
372,0.528672
372,0.529218
372,0.529420
372,0.529844
372,0.530379
372,0.530764
372,0.530784
373,0.532889
373,0.536057
373,0.536195
373,0.543073
373,0.544572
373,0.547259
373,0.552829
373,0.554497
373,0.555698
373,0.556986
373,0.558484
373,0.559814
373,0.560714
373,0.560936
373,0.563107
373,0.563588
373,0.564401
373,0.564519
373,0.564741
373,0.564906
373,0.568082
373,0.570840
373,0.571082
373,0.573013
373,0.573268
373,0.573779
373,0.575153
373,0.576195
373,0.577677
373,0.578973
373,0.579030
373,0.579728
373,0.580202
373,0.582124
373,0.582190
373,0.583114
373,0.584257
373,0.585732
373,0.587017
373,0.588583
373,0.590126
373,0.591298
373,0.591995
373,0.592005
373,0.593717
373,0.595285
373,0.596003
373,0.597593
373,0.598171
373,0.598215
373,0.598355
373,0.598563
373,0.599806
373,0.600900
373,0.602217
373,0.603452
373,0.604109
373,0.604336
373,0.606217
373,0.608286
373,0.608978
373,0.609182
373,0.609798
373,0.611300
373,0.611411
373,0.611660
374,0.613164
374,0.613917
374,0.615111
374,0.616970
374,0.616987
374,0.617138
374,0.617732
374,0.618419
374,0.618458
374,0.618576
374,0.619058
374,0.619557
374,0.620005
374,0.622109
374,0.622543
374,0.622698
374,0.623928
374,0.624969
374,0.625413
374,0.626618
374,0.628084
374,0.628750
374,0.629094
374,0.629859
374,0.631967
374,0.632517
374,0.633812
374,0.634089
374,0.634769
374,0.634871
374,0.634887
374,0.635015
374,0.636763
374,0.638050
374,0.638816
374,0.640200
374,0.642079
374,0.642706
374,0.643619
374,0.647082
374,0.647145
374,0.647263
374,0.648256
374,0.648362
374,0.649106
374,0.651560
374,0.651617
374,0.652679
374,0.653719
374,0.654258
375,0.655359
375,0.656845
375,0.656975
375,0.657047
375,0.657100
375,0.657561
375,0.660132
375,0.660157
375,0.662072
375,0.662152
375,0.662633
375,0.663122
375,0.663977
376,0.666527
376,0.667621
376,0.667635
376,0.668260
377,0.669982
377,0.670474
377,0.673328
378,0.674463
378,0.674534
378,0.674656
378,0.674999
378,0.675347
378,0.676505
378,0.677009
378,0.677246
378,0.678782
378,0.679459
378,0.679533
378,0.679705
378,0.679977
378,0.680805
378,0.682408
378,0.684191
378,0.684483
378,0.685103
378,0.685334
378,0.686584
378,0.688049
378,0.688565
378,0.688955
379,0.690692
379,0.697422
379,0.697564
379,0.697860
379,0.703018
379,0.704346
379,0.704544
379,0.705878
379,0.707087
379,0.708470
379,0.708676
379,0.709437
379,0.709953
379,0.710798
379,0.710913
379,0.712884
379,0.715526
379,0.715541
379,0.716497
379,0.717156
379,0.717282
379,0.717479
379,0.718224
379,0.718341
379,0.718828
379,0.719242
379,0.719314
379,0.720397
379,0.720416
379,0.722919
379,0.723113
379,0.723710
379,0.724322
379,0.724673
379,0.725277
379,0.727118
379,0.727522
379,0.730240
379,0.732957
379,0.733533
380,0.735914
380,0.737228
380,0.738861
380,0.739333
380,0.739929
380,0.739972
380,0.745847
380,0.746547
380,0.746668
380,0.747493
380,0.748260
380,0.748399
380,0.750113
380,0.751188
380,0.751588
381,0.752542
381,0.752592
381,0.754032
381,0.754485
381,0.755778
381,0.755929
382,0.756919
382,0.757323
382,0.757817
383,0.758330
383,0.758703
384,0.759300
385,0.759579
386,0.760307
387,0.760631
388,0.762084
390,0.762938
392,0.764160
395,0.765866
395,0.766298
395,0.766541
397,0.767692
399,0.768762
403,0.770959
404,0.771164
410,0.773329
413,0.774152
413,0.774312
413,0.774597
415,0.776025
415,0.776483
416,0.778165
417,0.778347
417,0.778559
417,0.779085
417,0.779584
418,0.779786
418,0.779908
418,0.780661
418,0.780802
419,0.781382
420,0.783855
422,0.786663
423,0.788041
423,0.788437
424,0.789373
424,0.789634
426,0.794106
427,0.795853
428,0.796494
430,0.798804
431,0.799730
436,0.802451
436,0.802497
439,0.804384
441,0.805029
453,0.808377
453,0.808418
461,0.811970
461,0.812714
462,0.813145
462,0.813537
463,0.814418
466,0.818766
467,0.819663
467,0.819878
468,0.820808
469,0.823922
470,0.824720
471,0.826455
471,0.826462
471,0.827487
471,0.827576
472,0.828315
473,0.830555
474,0.831739
475,0.833641
477,0.835655
479,0.836987
480,0.838397
482,0.840333
485,0.842863
485,0.842914
487,0.844672
488,0.844916
489,0.845816
489,0.845967
489,0.846324
493,0.849266
493,0.849328
493,0.849742
494,0.849976
494,0.850490
494,0.850517
504,0.858509
505,0.859869
506,0.860237
506,0.860580
507,0.861381
508,0.862096
509,0.862720
513,0.866063
513,0.866234
513,0.866292
514,0.867170
515,0.867990
517,0.869177
519,0.871522
519,0.871858
520,0.871920
520,0.872580
521,0.873321
521,0.873701
522,0.874660
523,0.875917
524,0.876169
526,0.878268
531,0.882357
534,0.884427
534,0.884512
535,0.885370
535,0.885388
535,0.885400
535,0.885642
537,0.887101
537,0.887122
538,0.887294
538,0.887323
538,0.887613
539,0.888484
540,0.889099
543,0.890931
545,0.892246
548,0.894315
548,0.894738
556,0.899333
559,0.900955
559,0.901107
559,0.901424
559,0.901619
561,0.902548
561,0.902772
562,0.903590
563,0.903741
568,0.907222
568,0.907223
569,0.907724
570,0.908716
571,0.909022
571,0.909197
572,0.909715
573,0.910226
576,0.912339
578,0.913575
581,0.915167
588,0.919205
590,0.919849
591,0.920365
596,0.923048
598,0.923744
605,0.926972
611,0.929076
611,0.929094
612,0.929480
616,0.930733
623,0.932751
623,0.932896
626,0.933724
627,0.934159
629,0.934606
641,0.937710
642,0.938104
650,0.939880
667,0.942701
668,0.942910
670,0.943244
682,0.945053
684,0.945284
713,0.948372
725,0.949629
726,0.949737
738,0.950805
751,0.951698
755,0.951933
771,0.952888
782,0.953388
790,0.953779
794,0.953939
812,0.954930
842,0.956647
893,0.959408
915,0.960446
916,0.960503
917,0.960545
928,0.960981
942,0.961500
975,0.962626
990,0.963008
1053,0.964409
1168,0.966534
1180,0.966711
1268,0.967910
1271,0.967937
1369,0.969072
1485,0.970143
1676,0.971798
1676,0.971800
1748,0.972391
1760,0.972459
1951,0.973413
2184,0.974334
2299,0.974715
2838,0.977274
3401,0.978962
3780,0.980916
3880,0.981420
4011,0.982039
4387,0.983535
4682,0.984539
5249,0.986390
5289,0.986498
5797,0.987712
5818,0.987766
5916,0.988105
6132,0.988930
6488,0.990285
6517,0.990385
7303,0.992012
8021,0.992868
8995,0.993588
10977,0.994323
7754713,0.995588
7942748,0.996712
8036237,0.997431
249386428,0.999999
