194394.649320
5117.249913
352,0.000000
363,0.001771
363,0.001922
363,0.006154
363,0.006842
363,0.010221
363,0.010648
363,0.011315
363,0.011785
363,0.011958
363,0.012629
363,0.013196
363,0.013958
363,0.014738
363,0.014906
363,0.016069
363,0.016854
363,0.017537
363,0.018091
363,0.018395
363,0.018547
363,0.018621
363,0.020236
363,0.020910
363,0.021293
363,0.021402
363,0.022808
363,0.023226
363,0.023521
363,0.023841
363,0.024691
363,0.024869
363,0.026245
363,0.026872
363,0.027935
363,0.028819
363,0.030304
363,0.032552
364,0.033028
364,0.033585
364,0.035247
364,0.035350
364,0.035451
364,0.035532
364,0.037555
364,0.037738
364,0.038839
364,0.038902
364,0.038915
364,0.041192
364,0.041940
364,0.041964
364,0.043515
364,0.045151
364,0.045178
364,0.045227
364,0.046234
364,0.048326
364,0.048880
364,0.048884
364,0.049086
364,0.050884
364,0.051521
364,0.053642
364,0.053719
364,0.053958
364,0.055190
364,0.055736
364,0.057799
364,0.059443
364,0.059706
364,0.061156
364,0.061341
364,0.062529
364,0.064291
364,0.064832
364,0.066518
364,0.066901
364,0.067677
364,0.067713
364,0.071393
364,0.072298
364,0.073123
364,0.076245
364,0.076775
364,0.076835
364,0.079756
364,0.080377
364,0.080697
364,0.081175
364,0.081664
364,0.083930
364,0.084111
364,0.084334
364,0.084348
364,0.084530
364,0.085453
364,0.087383
364,0.087476
364,0.091876
364,0.092836
364,0.094542
364,0.094612
364,0.096126
364,0.098163
364,0.098232
364,0.099216
364,0.099396
364,0.099435
364,0.099851
364,0.100504
364,0.100926
364,0.102151
364,0.102639
364,0.103460
364,0.104300
364,0.104530
364,0.104648
364,0.106011
364,0.107452
364,0.107840
364,0.109514
364,0.110027
364,0.110413
364,0.110641
364,0.111500
364,0.112409
364,0.113445
364,0.114218
364,0.120265
364,0.120830
364,0.120835
364,0.122373
364,0.122632
364,0.122960
364,0.124326
364,0.125046
364,0.125262
364,0.125854
364,0.126714
364,0.127314
364,0.127616
364,0.127744
364,0.128071
364,0.128686
364,0.129389
364,0.132142
364,0.135177
364,0.135518
364,0.135807
364,0.137906
364,0.138577
364,0.139432
364,0.139773
364,0.139776
364,0.139960
364,0.142361
364,0.144302
364,0.146452
364,0.147778
364,0.149171
364,0.149429
364,0.149988
364,0.150735
364,0.152120
364,0.152284
364,0.154357
364,0.154557
364,0.156580
364,0.156761
364,0.162474
364,0.162756
364,0.162900
364,0.162909
364,0.163081
364,0.164533
364,0.164723
364,0.164749
364,0.165242
364,0.165924
364,0.166094
364,0.168058
364,0.171061
364,0.172458
364,0.173819
364,0.177211
364,0.177836
364,0.178538
364,0.178571
364,0.179030
364,0.179106
364,0.180883
364,0.181287
364,0.181870
364,0.182150
364,0.182616
364,0.187770
364,0.187841
364,0.188239
365,0.189220
365,0.191429
365,0.193477
365,0.195728
365,0.195745
365,0.195846
365,0.195848
365,0.199869
365,0.200385
365,0.202333
365,0.202437
365,0.203526
365,0.203757
365,0.204573
365,0.205733
365,0.205825
365,0.206557
365,0.206645
365,0.207929
365,0.207933
365,0.208273
365,0.208981
365,0.209370
365,0.209620
365,0.211267
365,0.211328
365,0.212922
365,0.213509
365,0.214525
365,0.214543
365,0.216653
365,0.216791
365,0.217775
365,0.219176
365,0.219302
365,0.221047
365,0.221723
365,0.223853
365,0.224201
365,0.224654
365,0.224952
365,0.227551
365,0.227904
365,0.228329
365,0.228880
365,0.229055
365,0.230233
365,0.233075
365,0.233218
365,0.233365
365,0.234952
365,0.235428
365,0.235672
365,0.236413
365,0.236676
365,0.238767
365,0.239263
365,0.240150
365,0.240869
365,0.242121
365,0.244339
365,0.244402
365,0.245649
365,0.246686
365,0.247557
365,0.247787
365,0.247850
365,0.249730
365,0.249746
365,0.251266
365,0.251878
365,0.252825
365,0.253445
365,0.253534
365,0.253889
365,0.254048
365,0.254460
365,0.254771
365,0.254837
365,0.255572
365,0.255969
365,0.256386
365,0.256700
365,0.258166
365,0.259107
365,0.259511
365,0.259682
365,0.259892
365,0.260075
365,0.261127
365,0.262339
365,0.264629
365,0.265338
365,0.267163
365,0.269276
365,0.270895
365,0.271651
365,0.277112
365,0.277720
365,0.280399
365,0.281772
365,0.282127
365,0.282149
365,0.282242
365,0.282832
365,0.284753
365,0.285190
365,0.285324
365,0.285520
365,0.286748
365,0.286764
365,0.287608
365,0.288438
365,0.289617
365,0.290350
365,0.290530
365,0.290719
365,0.291602
365,0.291708
365,0.291938
365,0.293023
365,0.295354
365,0.298125
365,0.298437
365,0.300275
365,0.302842
365,0.303190
365,0.304239
365,0.304398
365,0.309672
365,0.313527
365,0.314101
365,0.315499
365,0.315818
365,0.317035
365,0.319094
365,0.319746
365,0.320052
365,0.321253
365,0.322053
366,0.323576
366,0.324088
366,0.324959
366,0.326224
366,0.327105
366,0.330764
366,0.331853
366,0.334461
366,0.335136
366,0.335238
366,0.336600
366,0.337115
366,0.337338
366,0.337360
366,0.338045
366,0.338575
366,0.338861
366,0.341924
366,0.342145
366,0.342622
366,0.346769
366,0.347619
366,0.348376
366,0.348547
366,0.348939
366,0.350075
366,0.351361
366,0.351486
366,0.351526
366,0.351688
366,0.351977
366,0.353797
366,0.354094
366,0.355077
366,0.355294
366,0.355727
366,0.356561
366,0.357332
366,0.358040
366,0.358229
366,0.358321
366,0.359603
366,0.364664
366,0.365796
366,0.367227
366,0.369865
366,0.372768
366,0.374667
366,0.374883
366,0.376532
366,0.377123
366,0.378489
366,0.378599
366,0.379755
366,0.381766
366,0.382604
366,0.385875
367,0.388794
367,0.390725
367,0.391244
367,0.392678
367,0.393246
367,0.393307
367,0.393410
367,0.393862
367,0.394087
367,0.394484
367,0.394549
367,0.395120
367,0.396361
367,0.396481
367,0.398455
367,0.398850
367,0.398913
367,0.400181
368,0.400292
368,0.405337
369,0.408873
369,0.409386
369,0.410691
369,0.411265
369,0.411583
369,0.412105
369,0.412684
369,0.413304
369,0.413750
369,0.414241
369,0.415541
369,0.415755
369,0.415957
369,0.417312
369,0.417351
369,0.417465
369,0.417563
369,0.417885
369,0.418114
369,0.419622
369,0.420781
369,0.421906
369,0.422538
369,0.424253
369,0.424548
369,0.425438
369,0.427901
369,0.428553
369,0.429800
369,0.430042
369,0.430409
369,0.431321
369,0.431358
369,0.433531
369,0.434826
369,0.435570
369,0.436816
369,0.436995
369,0.437236
369,0.439217
369,0.440514
369,0.440588
369,0.441639
369,0.443635
369,0.443860
369,0.444030
369,0.444676
369,0.444783
369,0.445293
369,0.445785
369,0.446388
369,0.447085
369,0.447411
369,0.447864
369,0.448039
369,0.449753
369,0.454955
369,0.455738
369,0.456847
369,0.458264
369,0.458475
369,0.458986
369,0.459125
369,0.459835
369,0.460312
369,0.460499
369,0.460531
369,0.462191
369,0.462354
369,0.462872
369,0.463359
369,0.463691
369,0.466336
369,0.466844
369,0.467081
369,0.467123
369,0.467433
369,0.468220
369,0.469847
369,0.471138
369,0.472144
369,0.472309
369,0.473765
369,0.475265
369,0.475293
369,0.475761
369,0.479143
369,0.480111
369,0.480177
369,0.480548
369,0.481078
369,0.481221
369,0.482180
369,0.482714
369,0.483070
369,0.483614
369,0.486140
369,0.486704
369,0.488674
369,0.488886
370,0.489928
370,0.492381
370,0.495171
370,0.495701
370,0.497341
370,0.497406
370,0.497632
370,0.497765
370,0.500870
370,0.500890
370,0.501471
370,0.502605
370,0.503873
370,0.504191
370,0.506189
370,0.507869
370,0.511523
370,0.512284
370,0.513079
370,0.513522
370,0.513693
370,0.515368
370,0.516327
370,0.516457
370,0.516804
370,0.517461
370,0.518212
370,0.519306
370,0.519653
370,0.519832
370,0.520037
370,0.520970
370,0.521620
370,0.525583
370,0.528303
370,0.528701
370,0.529365
370,0.529825
370,0.531328
370,0.532544
370,0.532984
370,0.534881
370,0.536109
370,0.538346
370,0.539287
370,0.539710
370,0.540135
370,0.541086
370,0.541806
370,0.544805
370,0.545368
370,0.546581
370,0.547044
370,0.548030
370,0.549093
370,0.550652
370,0.552565
370,0.554767
371,0.558122
371,0.561150
371,0.561557
371,0.562815
371,0.563318
371,0.563744
371,0.564095
371,0.564918
371,0.565224
371,0.566885
371,0.566950
371,0.569753
371,0.570827
371,0.573230
371,0.574003
371,0.574782
371,0.574969
371,0.577844
371,0.577993
371,0.578794
371,0.579105
371,0.579146
371,0.579204
371,0.583870
371,0.584045
371,0.584568
371,0.584909
371,0.587583
371,0.588202
371,0.588636
371,0.588943
371,0.589373
371,0.589739
371,0.590173
371,0.590244
371,0.591623
372,0.592970
372,0.593509
372,0.593546
372,0.595043
372,0.595086
372,0.595670
372,0.596937
372,0.597050
372,0.597431
372,0.597565
372,0.600774
372,0.601620
372,0.601796
372,0.603342
372,0.603597
372,0.603719
372,0.604347
372,0.604760
372,0.605204
372,0.605842
372,0.606658
372,0.607095
372,0.608196
372,0.609555
372,0.610418
372,0.610841
372,0.610915
372,0.611012
373,0.613097
373,0.613611
373,0.616191
374,0.617535
374,0.617539
374,0.617736
374,0.618285
374,0.618464
374,0.619495
375,0.620759
375,0.621494
375,0.624533
375,0.624777
375,0.626135
375,0.627656
375,0.627851
375,0.629860
375,0.632213
375,0.632293
375,0.632518
376,0.634859
376,0.635149
376,0.635336
376,0.638147
376,0.639629
376,0.640370
376,0.642206
376,0.642582
376,0.642854
376,0.643903
376,0.644323
376,0.645158
376,0.648481
376,0.648967
376,0.649345
376,0.649911
376,0.650643
376,0.651094
376,0.651689
376,0.652647
376,0.653584
376,0.653881
376,0.654404
376,0.655406
376,0.656194
377,0.657546
377,0.658505
377,0.659136
377,0.659363
377,0.660080
377,0.662615
377,0.663121
377,0.667847
377,0.670075
377,0.671017
377,0.672037
377,0.672117
377,0.672589
378,0.675142
378,0.676005
378,0.676469
378,0.676586
378,0.677125
378,0.677760
379,0.678356
383,0.680248
383,0.680271
385,0.681116
385,0.681202
392,0.683090
394,0.683536
394,0.683609
400,0.685053
400,0.685195
403,0.686057
408,0.687168
414,0.688765
414,0.688815
417,0.691434
418,0.692367
418,0.693645
418,0.693883
419,0.694146
420,0.696297
421,0.698308
421,0.698440
422,0.699335
422,0.700323
423,0.701556
423,0.702525
424,0.703518
425,0.706667
425,0.707539
426,0.708212
426,0.709465
427,0.712070
428,0.713452
428,0.714005
429,0.716029
429,0.716634
429,0.716685
429,0.717177
430,0.718776
431,0.720417
431,0.720745
431,0.721381
432,0.722052
432,0.722334
434,0.724091
435,0.725044
436,0.727643
436,0.727726
436,0.728359
436,0.728619
437,0.729342
437,0.730445
437,0.730603
437,0.730809
438,0.732496
439,0.734269
440,0.734874
441,0.736223
443,0.738553
446,0.740554
447,0.740946
455,0.744809
455,0.744835
457,0.745448
458,0.746167
459,0.746581
459,0.746994
461,0.747861
462,0.749028
463,0.749496
463,0.749865
465,0.751814
466,0.752549
470,0.757214
471,0.758380
472,0.759748
473,0.760592
473,0.760858
473,0.760915
474,0.762287
474,0.763011
475,0.763903
475,0.763998
475,0.764132
475,0.764248
477,0.766006
478,0.767240
478,0.767607
479,0.768034
481,0.770257
482,0.771522
482,0.771796
482,0.771951
484,0.774238
484,0.774383
485,0.775460
485,0.775484
485,0.776013
487,0.778436
488,0.779763
489,0.780216
490,0.781062
490,0.781932
491,0.782915
493,0.784786
493,0.785560
496,0.788640
497,0.789895
498,0.791276
498,0.792019
500,0.794584
500,0.794595
501,0.794706
501,0.794760
505,0.800498
506,0.802552
507,0.803501
508,0.804141
508,0.805134
509,0.806236
510,0.807152
511,0.808591
512,0.810854
513,0.812297
514,0.812624
514,0.813443
514,0.813953
515,0.814348
516,0.815482
516,0.816010
517,0.817231
517,0.817376
517,0.818081
519,0.820538
520,0.822203
520,0.822281
521,0.824904
523,0.827687
523,0.827972
523,0.828151
524,0.829772
525,0.830678
525,0.831639
528,0.835181
528,0.835932
530,0.837519
530,0.837785
531,0.838476
531,0.839035
536,0.844938
538,0.847579
539,0.847971
539,0.848492
540,0.849123
540,0.849382
540,0.849602
540,0.849607
541,0.850133
542,0.851450
544,0.853305
545,0.855173
546,0.855665
546,0.856073
546,0.856145
547,0.856365
547,0.857133
548,0.857268
548,0.857470
549,0.858869
551,0.860159
552,0.861040
553,0.861953
556,0.864755
556,0.865149
557,0.865761
557,0.865816
558,0.866498
559,0.867157
559,0.867272
559,0.867625
562,0.870777
564,0.872131
565,0.873080
566,0.873816
567,0.875007
567,0.875265
568,0.876022
570,0.877649
571,0.878360
572,0.878873
572,0.879218
572,0.879255
573,0.879436
573,0.879923
574,0.880485
575,0.881339
577,0.882861
578,0.883375
580,0.884742
582,0.886263
582,0.886426
584,0.888064
587,0.890459
592,0.893876
596,0.896008
598,0.897497
603,0.900790
604,0.901344
605,0.902476
607,0.903091
607,0.903291
608,0.903858
608,0.903953
608,0.904015
611,0.905207
613,0.906503
615,0.907105
620,0.909363
622,0.910574
627,0.912350
628,0.913169
637,0.916341
641,0.917752
643,0.918485
647,0.919645
649,0.920351
652,0.921005
658,0.922644
660,0.923045
660,0.923113
660,0.923253
666,0.924490
675,0.926618
676,0.926792
676,0.926844
679,0.927605
683,0.928749
691,0.930553
698,0.931845
704,0.932884
705,0.933142
710,0.934013
710,0.934047
717,0.935266
727,0.936694
766,0.940515
790,0.942968
796,0.943756
800,0.944329
801,0.944430
803,0.944659
807,0.945219
834,0.947791
847,0.948872
884,0.952468
912,0.953934
919,0.954241
946,0.955423
1031,0.958011
1041,0.958279
1124,0.960359
1155,0.961005
1159,0.961103
1168,0.961291
1221,0.962293
1360,0.964265
1663,0.967308
1673,0.967365
1764,0.967823
1802,0.967946
1955,0.968348
2167,0.968997
2402,0.969709
2501,0.970091
2740,0.971111
2878,0.971587
3044,0.972033
3494,0.973786
3588,0.974332
3775,0.975378
3872,0.975862
4304,0.978161
4368,0.978521
4460,0.979122
4502,0.979425
4630,0.980394
4682,0.980804
5006,0.983073
5397,0.985288
5989,0.987679
6124,0.988211
6806,0.990646
6899,0.990992
7425,0.992285
7436,0.992305
673686,0.994041
692885,0.994864
716134,0.996307
732322,0.997175
47639770,1.000000
