666920.465568
1451.334888
490,0.000000
497,0.001182
498,0.001704
499,0.002946
499,0.003107
499,0.003882
499,0.003943
500,0.006654
500,0.006873
500,0.007180
500,0.008552
501,0.008895
501,0.009651
501,0.010883
501,0.011177
501,0.013093
501,0.013108
501,0.013501
501,0.014090
501,0.014110
501,0.015019
501,0.018202
501,0.018620
502,0.019676
502,0.019908
502,0.021498
503,0.022928
503,0.023256
503,0.024817
503,0.024967
503,0.025371
503,0.025408
503,0.025991
503,0.028178
503,0.028701
503,0.029711
503,0.032259
503,0.032321
503,0.032875
503,0.033924
503,0.034061
503,0.035812
503,0.036576
503,0.036991
503,0.037524
503,0.037807
503,0.038525
503,0.038591
503,0.044713
503,0.044728
503,0.044780
503,0.044883
503,0.045224
503,0.046026
503,0.046243
503,0.047041
503,0.047724
504,0.048544
504,0.050456
504,0.052004
504,0.052155
504,0.052656
504,0.054341
504,0.054440
504,0.054715
505,0.055522
505,0.056970
505,0.060663
505,0.060944
505,0.062050
505,0.064222
505,0.065674
505,0.066335
505,0.066349
505,0.068250
505,0.068349
505,0.068820
505,0.070803
505,0.070887
505,0.071067
505,0.071174
505,0.072147
505,0.072541
505,0.073787
505,0.077026
505,0.078239
505,0.078792
505,0.080849
505,0.082018
505,0.085919
505,0.086104
505,0.087936
505,0.087941
505,0.089375
505,0.090175
505,0.090681
505,0.092342
505,0.093069
505,0.095157
505,0.095162
505,0.096051
506,0.096545
506,0.098554
506,0.098720
506,0.099370
506,0.100054
506,0.105461
506,0.105881
506,0.106733
506,0.108766
506,0.109395
506,0.110394
506,0.110733
506,0.112041
506,0.113082
506,0.113160
506,0.113688
506,0.117553
506,0.117990
506,0.118747
507,0.119944
507,0.120317
507,0.121412
507,0.121449
507,0.123630
507,0.127975
507,0.128242
507,0.128727
507,0.128860
507,0.129134
507,0.130652
507,0.130778
507,0.131312
507,0.132429
507,0.132799
507,0.134012
507,0.134238
507,0.134370
507,0.134514
507,0.134632
507,0.134780
507,0.134792
507,0.134901
507,0.135551
507,0.136515
507,0.137783
507,0.138841
507,0.139172
507,0.139412
507,0.140030
507,0.140509
507,0.141461
507,0.142338
507,0.145045
507,0.145723
507,0.146713
507,0.147234
507,0.148831
507,0.149396
507,0.150363
507,0.150914
507,0.151317
507,0.152200
507,0.154687
507,0.155103
507,0.156276
507,0.156682
507,0.157300
507,0.158515
507,0.159991
507,0.160019
507,0.160344
507,0.161933
507,0.162471
507,0.163902
507,0.163935
507,0.167160
507,0.168450
507,0.169068
507,0.170097
508,0.170786
508,0.170889
508,0.171087
508,0.172686
508,0.173069
508,0.173401
508,0.174365
508,0.175321
508,0.175330
508,0.176355
508,0.177696
508,0.181218
508,0.182716
508,0.183659
508,0.184124
508,0.185852
508,0.186960
508,0.188202
508,0.188537
508,0.190335
508,0.193017
508,0.195011
508,0.199383
508,0.200443
508,0.201281
508,0.201727
508,0.203636
508,0.203909
508,0.205994
508,0.206363
508,0.206601
508,0.208692
508,0.210034
508,0.210739
508,0.210918
508,0.211018
508,0.215913
508,0.215939
508,0.216107
508,0.217603
508,0.218782
509,0.220193
509,0.221106
509,0.221898
509,0.222392
509,0.223749
509,0.224206
509,0.225724
509,0.225978
509,0.226070
509,0.226347
509,0.226572
509,0.226907
509,0.226954
509,0.227587
509,0.228274
509,0.228310
509,0.228541
509,0.228655
509,0.228934
509,0.229718
509,0.230913
509,0.231303
509,0.231993
509,0.233593
509,0.234205
509,0.237381
509,0.238206
509,0.238997
509,0.239782
509,0.241390
509,0.241798
509,0.241970
509,0.242120
509,0.243107
509,0.243528
509,0.244391
509,0.244518
509,0.244534
509,0.245955
509,0.246909
509,0.248033
509,0.248267
509,0.248587
509,0.248687
509,0.249106
509,0.250064
509,0.250320
509,0.250373
509,0.251100
509,0.251577
509,0.251583
509,0.251935
509,0.252597
509,0.253180
509,0.256676
509,0.256896
509,0.257385
509,0.263979
509,0.264559
509,0.265232
509,0.266358
509,0.268534
509,0.269280
510,0.272685
510,0.274024
510,0.275463
510,0.275629
510,0.276089
510,0.277530
510,0.278732
510,0.280159
510,0.281006
510,0.282314
510,0.284051
510,0.284467
510,0.285748
510,0.286866
510,0.287093
510,0.287802
510,0.288966
510,0.289183
510,0.289287
510,0.289623
510,0.289999
510,0.290541
510,0.290721
510,0.293030
510,0.293262
510,0.293333
510,0.293468
510,0.295096
510,0.295412
510,0.295959
510,0.296162
510,0.297147
510,0.297169
510,0.297463
510,0.298600
510,0.298940
510,0.299737
510,0.302019
510,0.302777
510,0.305788
510,0.308606
510,0.308962
510,0.309198
510,0.310310
510,0.310565
510,0.311376
510,0.311976
510,0.312471
510,0.312635
510,0.313350
510,0.315160
510,0.316129
510,0.317206
510,0.317448
510,0.319762
510,0.319849
510,0.320560
510,0.321956
510,0.323330
510,0.323427
510,0.325350
510,0.325534
510,0.326458
510,0.327828
510,0.328713
510,0.330851
510,0.331872
510,0.332893
510,0.333047
510,0.333537
510,0.334575
510,0.335620
510,0.336544
510,0.339968
510,0.340719
510,0.341397
510,0.342593
510,0.344095
510,0.345054
510,0.345597
510,0.346903
510,0.348200
511,0.348809
511,0.349557
511,0.349838
511,0.350066
511,0.350782
511,0.351596
511,0.351776
511,0.352652
511,0.352816
511,0.353882
511,0.354744
511,0.355147
511,0.355699
511,0.355759
511,0.356840
511,0.359720
511,0.360617
511,0.361947
511,0.362274
511,0.363963
511,0.364813
511,0.366199
511,0.367967
511,0.368103
511,0.369192
511,0.369615
511,0.371004
511,0.371499
511,0.371830
511,0.372364
511,0.373906
511,0.373994
511,0.374122
511,0.375477
511,0.376036
511,0.376129
511,0.376411
511,0.377124
511,0.378610
511,0.378612
511,0.380176
511,0.380760
511,0.382189
511,0.382357
511,0.382590
511,0.382936
511,0.384157
511,0.386907
511,0.387780
512,0.389396
512,0.389601
512,0.392354
512,0.393369
512,0.396203
512,0.396935
512,0.397005
512,0.398009
512,0.398131
512,0.398371
512,0.398692
512,0.398796
512,0.399131
512,0.400075
512,0.400766
512,0.404363
512,0.404858
512,0.410797
512,0.411447
512,0.411474
512,0.412582
512,0.412693
512,0.413644
512,0.415430
512,0.415440
512,0.415557
512,0.416084
512,0.417824
512,0.418791
512,0.420724
512,0.421668
512,0.421886
512,0.422095
512,0.422467
512,0.422686
512,0.422686
512,0.423312
512,0.425530
512,0.426088
512,0.427778
512,0.427780
512,0.428432
512,0.430140
512,0.430326
512,0.430691
512,0.430733
512,0.431576
512,0.431798
512,0.432019
512,0.432279
512,0.433445
512,0.434101
512,0.434505
512,0.435184
512,0.435700
512,0.436558
512,0.437668
512,0.439006
512,0.441899
512,0.443081
512,0.443429
512,0.443715
512,0.447997
512,0.451101
512,0.452899
512,0.453913
512,0.458090
512,0.462053
512,0.462704
512,0.465183
512,0.467557
512,0.468783
512,0.469832
512,0.470255
512,0.470361
512,0.473342
512,0.475756
512,0.476045
512,0.476706
512,0.477971
512,0.478306
512,0.479979
512,0.479981
512,0.481332
512,0.481374
512,0.482437
512,0.482706
512,0.483338
512,0.483665
513,0.484040
513,0.484482
513,0.484809
513,0.485036
513,0.485500
513,0.486592
513,0.486862
513,0.487413
513,0.488833
513,0.491098
513,0.493485
513,0.495102
513,0.495821
513,0.496735
513,0.500095
513,0.500116
513,0.501188
513,0.501440
514,0.504498
514,0.505359
514,0.510539
514,0.513502
514,0.514334
514,0.517748
514,0.518190
514,0.518207
514,0.518617
514,0.519148
514,0.523584
514,0.524845
514,0.527945
514,0.529747
514,0.529955
514,0.532523
514,0.532579
514,0.534431
514,0.535096
514,0.535602
514,0.536651
514,0.537156
514,0.537729
514,0.538480
514,0.540096
514,0.540159
514,0.540741
514,0.541102
514,0.542411
514,0.542838
514,0.542894
514,0.544457
514,0.544620
514,0.545686
514,0.546954
514,0.548449
514,0.550490
514,0.550953
514,0.551031
514,0.552476
514,0.552594
514,0.552864
514,0.556239
514,0.557181
514,0.557752
514,0.558548
514,0.558674
514,0.558711
514,0.559999
514,0.560654
514,0.560950
514,0.562173
514,0.562730
514,0.563811
514,0.565180
514,0.565240
514,0.566296
514,0.567834
514,0.571160
514,0.572691
514,0.575143
514,0.576635
514,0.577663
514,0.577816
514,0.577962
514,0.578755
514,0.578901
514,0.579335
514,0.579498
514,0.579647
514,0.579819
514,0.580002
514,0.581036
514,0.581101
514,0.581408
514,0.581868
514,0.582670
514,0.583448
514,0.584082
514,0.584310
514,0.584407
514,0.584984
514,0.586224
514,0.588998
514,0.591873
514,0.593923
514,0.594733
514,0.595576
514,0.597202
514,0.598288
514,0.599005
514,0.601968
514,0.602770
515,0.606258
515,0.607191
515,0.607458
515,0.607946
515,0.608363
515,0.608541
515,0.610393
515,0.610999
515,0.613629
515,0.614710
515,0.614802
515,0.615979
515,0.616566
515,0.616704
515,0.617238
515,0.618836
515,0.618854
516,0.619232
516,0.621784
516,0.622111
516,0.622133
516,0.623022
516,0.624356
516,0.628825
516,0.629954
516,0.630653
516,0.632171
516,0.632475
516,0.633137
516,0.634305
516,0.634343
516,0.635492
516,0.637311
516,0.637506
516,0.638635
516,0.638780
516,0.639588
516,0.640521
516,0.640706
516,0.642272
516,0.644432
516,0.645609
516,0.645788
516,0.646698
516,0.647343
516,0.648974
516,0.650860
516,0.651117
516,0.652915
516,0.653934
516,0.655099
516,0.656269
516,0.659175
516,0.663499
516,0.664071
516,0.664162
516,0.666291
516,0.666674
516,0.666816
516,0.667681
516,0.667848
516,0.668282
516,0.669179
516,0.671474
516,0.673793
516,0.673821
516,0.674992
516,0.675568
516,0.676014
516,0.677313
516,0.681408
516,0.682826
516,0.684439
516,0.684631
516,0.684636
516,0.685742
517,0.687653
517,0.689127
517,0.691201
517,0.692400
517,0.693366
517,0.695702
517,0.696158
517,0.697484
517,0.699104
517,0.699145
517,0.700384
517,0.702462
517,0.703159
517,0.703524
517,0.703556
517,0.705288
517,0.706758
517,0.706958
517,0.707594
517,0.708305
517,0.708508
517,0.708998
517,0.709380
517,0.710617
517,0.710724
517,0.710939
518,0.714297
518,0.714414
518,0.716153
518,0.717230
518,0.719771
518,0.719874
518,0.723622
518,0.723703
518,0.726459
518,0.728365
518,0.728819
518,0.729094
518,0.729406
518,0.729478
518,0.732329
518,0.732694
518,0.734622
518,0.735928
518,0.736029
518,0.737351
518,0.738678
518,0.739111
518,0.739787
518,0.739954
518,0.740946
518,0.742233
518,0.742845
518,0.743207
518,0.744008
518,0.744068
518,0.747699
518,0.748008
518,0.748696
518,0.749009
518,0.750887
518,0.750988
519,0.753083
519,0.753260
519,0.754115
519,0.755143
519,0.761538
519,0.762437
519,0.763279
519,0.766003
519,0.769853
519,0.770481
519,0.771696
519,0.772854
520,0.777915
520,0.779680
520,0.781324
520,0.784406
520,0.785792
520,0.786389
520,0.786779
520,0.789096
520,0.790011
520,0.790576
520,0.790697
520,0.790804
520,0.792278
520,0.794300
520,0.795298
521,0.796788
521,0.797676
521,0.797686
521,0.798885
521,0.799390
521,0.799503
521,0.800424
521,0.801770
521,0.802002
521,0.804176
521,0.805562
521,0.805756
521,0.805929
521,0.805941
521,0.810187
521,0.810835
521,0.811501
521,0.812261
522,0.816352
522,0.816982
522,0.818973
522,0.819425
522,0.820114
522,0.820440
523,0.821736
523,0.823032
523,0.823928
523,0.824212
523,0.825902
523,0.825989
523,0.826128
523,0.827255
523,0.827787
523,0.828485
523,0.829026
523,0.829180
524,0.832803
524,0.833280
525,0.835744
525,0.837190
525,0.838094
526,0.838345
526,0.838968
527,0.840004
527,0.840705
529,0.842710
530,0.843821
532,0.847024
532,0.847767
533,0.849277
534,0.851576
534,0.852253
534,0.852329
534,0.852914
534,0.853191
535,0.853558
536,0.854240
536,0.855201
536,0.855492
536,0.855549
537,0.857727
537,0.857793
537,0.857856
538,0.859054
540,0.862291
540,0.862970
541,0.864509
542,0.865170
543,0.865904
545,0.867205
547,0.869307
549,0.869753
549,0.870017
555,0.872472
557,0.874219
558,0.875904
559,0.876408
559,0.876700
559,0.876944
559,0.877247
559,0.877277
560,0.878048
561,0.879032
561,0.879434
562,0.881703
563,0.882420
563,0.882466
563,0.883340
563,0.883988
563,0.884230
564,0.884396
564,0.884407
564,0.884507
564,0.884944
564,0.885028
564,0.885271
565,0.885598
565,0.885694
565,0.885948
567,0.888866
567,0.889587
568,0.890591
574,0.895229
574,0.895443
576,0.895716
576,0.895884
578,0.896175
585,0.898400
587,0.899517
588,0.899736
590,0.901256
590,0.901388
594,0.904194
594,0.904555
594,0.904658
594,0.904885
596,0.906400
596,0.906433
600,0.908803
600,0.908823
601,0.909446
612,0.911945
614,0.912658
616,0.913109
618,0.914343
619,0.915855
619,0.916418
620,0.916635
620,0.917259
620,0.917392
621,0.918585
621,0.918645
622,0.920977
622,0.921042
622,0.921199
622,0.922558
623,0.923882
623,0.924154
624,0.925906
625,0.928015
625,0.928313
627,0.931860
627,0.933163
627,0.933719
627,0.933849
627,0.933863
628,0.934609
628,0.934731
629,0.934785
629,0.934822
629,0.935289
629,0.935703
629,0.936432
629,0.936975
631,0.938699
631,0.939719
632,0.939897
636,0.944010
636,0.944680
649,0.946646
651,0.946950
655,0.948069
659,0.949667
660,0.950494
661,0.950759
661,0.950774
662,0.951344
662,0.951459
663,0.952216
663,0.952248
666,0.953886
666,0.954090
670,0.955414
677,0.956602
678,0.956646
691,0.957205
694,0.957520
696,0.958248
697,0.958353
697,0.958420
701,0.960073
702,0.960376
702,0.960600
704,0.961245
707,0.962917
740,0.965957
746,0.967738
747,0.968057
748,0.968228
748,0.968354
748,0.968375
755,0.971053
756,0.971388
780,0.973272
790,0.973523
800,0.975362
805,0.976875
807,0.977495
807,0.977577
810,0.978319
813,0.978773
845,0.980139
851,0.980466
858,0.981476
864,0.983353
868,0.984315
870,0.984906
872,0.985427
876,0.986172
877,0.986561
919,0.987613
925,0.988322
928,0.988992
932,0.990398
933,0.991269
936,0.992301
939,0.992998
939,0.993431
956,0.997737
8716,0.999261
71641,0.999797
12989262,1.000000
