110331.474651
9015.717459
384,0.000000
404,0.001390
405,0.002088
406,0.002455
406,0.002912
407,0.003700
407,0.004089
407,0.004172
407,0.004178
408,0.005044
408,0.005793
409,0.007032
410,0.008322
410,0.009871
412,0.012973
412,0.013104
413,0.014224
413,0.014303
413,0.014413
413,0.014703
414,0.014842
414,0.015489
414,0.015531
415,0.015544
416,0.016183
417,0.016567
417,0.017154
418,0.018103
419,0.019459
420,0.022168
421,0.025026
421,0.025160
421,0.026717
421,0.027247
421,0.028393
421,0.028630
422,0.029736
422,0.029831
422,0.029977
422,0.030807
422,0.031802
422,0.033755
423,0.035590
423,0.035736
423,0.035970
423,0.036740
423,0.037455
423,0.038852
423,0.039486
423,0.039708
423,0.041027
424,0.046977
424,0.049033
424,0.050026
424,0.050069
425,0.053428
425,0.054722
425,0.056470
425,0.057718
426,0.058254
426,0.059621
426,0.059664
426,0.060147
426,0.060823
426,0.062541
426,0.062713
426,0.063197
426,0.064122
426,0.064362
426,0.066368
426,0.066822
426,0.066905
426,0.067009
426,0.067690
427,0.069516
427,0.069892
427,0.070370
427,0.071634
427,0.071886
427,0.072677
427,0.073243
427,0.073441
427,0.074054
428,0.078131
428,0.079689
429,0.080396
429,0.081608
429,0.082291
429,0.082867
429,0.083794
429,0.084585
429,0.084978
430,0.086116
430,0.086481
430,0.086529
430,0.086635
430,0.087209
430,0.087832
430,0.088037
432,0.090013
433,0.091273
434,0.091967
437,0.093264
439,0.093901
443,0.095408
443,0.095620
452,0.097509
471,0.098996
477,0.099352
487,0.099905
512,0.102145
512,0.102487
512,0.102647
512,0.103502
512,0.103617
512,0.103918
512,0.104562
514,0.105829
514,0.106121
514,0.106158
514,0.108049
514,0.109979
514,0.112551
514,0.113602
514,0.113803
514,0.114990
514,0.117017
514,0.117710
514,0.117834
514,0.118142
514,0.118224
514,0.118235
514,0.119392
514,0.119514
514,0.119656
514,0.119744
514,0.119863
515,0.121273
515,0.124084
515,0.125476
515,0.125629
515,0.127086
516,0.127481
516,0.129371
516,0.129783
516,0.130130
516,0.130373
516,0.130711
516,0.134065
516,0.135910
516,0.136386
516,0.136949
516,0.137258
516,0.138426
516,0.139283
516,0.140151
516,0.140586
516,0.141703
516,0.142187
516,0.143346
516,0.143692
516,0.144367
516,0.144676
516,0.147727
516,0.148640
516,0.149786
516,0.150614
516,0.152441
516,0.152756
516,0.154138
516,0.155394
516,0.155953
516,0.156307
516,0.156613
516,0.156627
516,0.157763
516,0.157812
517,0.158878
517,0.160311
517,0.160330
517,0.161149
517,0.162880
517,0.164324
517,0.165957
517,0.167771
517,0.168583
517,0.169517
517,0.169520
517,0.169790
517,0.170082
517,0.171629
517,0.172627
517,0.173152
517,0.173849
517,0.177215
517,0.177401
517,0.177507
517,0.181099
517,0.181747
517,0.182179
517,0.183525
518,0.186623
518,0.188101
518,0.188664
518,0.190560
518,0.191646
518,0.193552
518,0.193708
518,0.193782
518,0.194938
518,0.196493
518,0.201978
518,0.204704
518,0.205323
518,0.207824
518,0.208300
518,0.208346
518,0.208616
518,0.210568
518,0.212763
518,0.213512
518,0.214223
518,0.216632
518,0.217762
518,0.219297
518,0.219854
518,0.220162
518,0.220294
518,0.222456
518,0.224706
518,0.225129
518,0.225210
518,0.226645
518,0.227962
518,0.230315
519,0.232095
519,0.232636
519,0.232663
519,0.235563
519,0.236401
519,0.236599
519,0.238094
519,0.238461
519,0.238835
519,0.241350
519,0.241523
519,0.241750
519,0.242185
519,0.243317
519,0.243614
519,0.245062
519,0.247481
519,0.249027
519,0.249175
519,0.249210
519,0.249320
519,0.250523
519,0.251980
519,0.254515
519,0.258954
519,0.261815
519,0.263294
519,0.263550
519,0.264317
519,0.265356
519,0.269846
519,0.270230
519,0.270686
519,0.271750
519,0.271863
519,0.271911
519,0.272024
519,0.272826
519,0.272851
519,0.275224
519,0.277412
519,0.277893
519,0.279400
519,0.279761
519,0.279868
519,0.280244
519,0.281958
519,0.285581
519,0.286138
519,0.286146
519,0.286727
519,0.286762
519,0.287392
519,0.287838
519,0.288671
519,0.288829
519,0.289831
519,0.290416
519,0.290671
520,0.291646
520,0.296137
520,0.297308
520,0.298183
520,0.299087
520,0.299192
520,0.303908
520,0.305302
520,0.305788
520,0.306974
520,0.307185
520,0.307993
520,0.309830
520,0.312643
520,0.313422
520,0.315408
520,0.316204
520,0.316452
520,0.317475
520,0.317561
520,0.320769
520,0.321359
520,0.322624
520,0.322645
520,0.323926
520,0.325881
520,0.328319
520,0.328334
520,0.329493
520,0.329536
520,0.330040
520,0.330209
520,0.330971
520,0.331170
520,0.331757
520,0.332515
520,0.332965
520,0.333179
520,0.339041
520,0.339363
520,0.340600
521,0.342852
521,0.348257
521,0.349522
521,0.350963
521,0.351485
521,0.351982
521,0.356340
521,0.356393
521,0.356482
521,0.357284
521,0.358080
521,0.358913
521,0.359482
521,0.359490
521,0.360359
521,0.360841
521,0.361370
521,0.362430
521,0.362994
521,0.363640
521,0.363893
521,0.364022
521,0.364538
521,0.364900
521,0.364940
521,0.368516
521,0.368608
521,0.369841
521,0.370306
521,0.370387
521,0.371689
521,0.371770
521,0.372383
521,0.372649
521,0.373834
521,0.374081
521,0.375864
521,0.376958
521,0.377465
521,0.378308
521,0.378596
521,0.379985
521,0.383462
521,0.383724
521,0.384163
521,0.384357
521,0.386314
521,0.386615
521,0.386645
521,0.387333
521,0.387379
521,0.390427
521,0.392800
521,0.392898
521,0.393179
521,0.394510
521,0.394638
521,0.395182
521,0.395325
521,0.396916
521,0.397042
521,0.398518
521,0.398735
521,0.398900
521,0.399581
521,0.401129
521,0.401957
521,0.403227
521,0.403327
521,0.405443
521,0.406083
521,0.406100
521,0.409353
521,0.409478
521,0.410661
521,0.410708
521,0.411296
521,0.411801
521,0.412577
521,0.413065
521,0.414107
521,0.414693
521,0.417557
521,0.419721
521,0.419951
521,0.420374
521,0.421002
521,0.421834
521,0.422677
521,0.424357
521,0.424772
521,0.425310
521,0.425914
521,0.427707
521,0.429187
521,0.430563
521,0.431207
521,0.432033
521,0.432034
522,0.436154
522,0.437132
522,0.437593
522,0.437627
522,0.441836
522,0.442810
522,0.443516
522,0.444134
522,0.445069
522,0.446207
522,0.446428
522,0.446521
522,0.448204
522,0.448450
522,0.449421
522,0.450269
522,0.450660
522,0.451413
522,0.451629
522,0.451841
522,0.451917
522,0.452477
522,0.452717
522,0.453789
522,0.453907
522,0.454172
522,0.455212
522,0.455485
522,0.455945
522,0.457529
522,0.458021
522,0.458165
522,0.459897
522,0.460405
522,0.461707
522,0.463089
522,0.463232
522,0.464063
522,0.464346
522,0.464784
522,0.467149
522,0.467390
523,0.468766
523,0.469334
523,0.471446
523,0.474047
523,0.474592
523,0.474634
523,0.476312
523,0.476760
523,0.482616
523,0.484867
523,0.485916
523,0.486806
523,0.486980
523,0.488241
523,0.490045
523,0.492671
523,0.497452
523,0.497641
523,0.499104
523,0.499740
523,0.501249
523,0.501541
523,0.502230
523,0.503194
523,0.504298
523,0.509093
523,0.509153
523,0.509756
523,0.509873
523,0.510493
523,0.510913
523,0.511975
523,0.512152
523,0.512682
523,0.512912
523,0.513209
523,0.513677
523,0.515134
523,0.515756
523,0.516859
523,0.518742
523,0.520107
523,0.520591
523,0.521834
523,0.522609
523,0.523907
523,0.524539
523,0.526605
523,0.531506
523,0.531573
523,0.533286
523,0.533535
523,0.534447
523,0.535196
523,0.537024
523,0.537671
523,0.537938
523,0.540135
523,0.540497
523,0.541575
523,0.542926
523,0.543936
523,0.546411
523,0.546572
523,0.547231
523,0.547807
523,0.548769
523,0.551001
523,0.551047
523,0.554846
523,0.555112
523,0.555302
523,0.555750
523,0.557606
523,0.558269
523,0.558631
523,0.560067
523,0.560160
523,0.561293
523,0.564243
523,0.564476
523,0.564763
523,0.565317
523,0.565752
523,0.566401
523,0.567000
523,0.567064
523,0.567268
523,0.568060
523,0.569727
523,0.569840
523,0.570506
523,0.572300
523,0.572537
524,0.575422
524,0.575687
524,0.575729
524,0.578420
524,0.578534
524,0.579509
524,0.579889
524,0.580916
524,0.581105
524,0.582469
524,0.582496
524,0.583733
524,0.585160
524,0.586996
524,0.587086
524,0.587266
524,0.587712
524,0.587727
524,0.588168
524,0.590098
524,0.591013
525,0.591241
525,0.591759
525,0.593231
525,0.593535
525,0.595702
525,0.595875
525,0.598089
525,0.599615
525,0.599668
525,0.600017
525,0.600484
525,0.600916
525,0.602810
525,0.602851
525,0.603966
525,0.604117
525,0.605736
525,0.607891
525,0.608326
525,0.609619
525,0.612792
525,0.613081
525,0.615045
525,0.615273
525,0.615896
525,0.616535
525,0.618918
525,0.623150
525,0.623446
525,0.625641
525,0.625929
525,0.627079
525,0.627203
525,0.627445
525,0.627806
525,0.628612
525,0.629197
525,0.629254
525,0.630693
525,0.631065
525,0.633736
525,0.633922
525,0.634518
525,0.635660
525,0.636418
525,0.636700
525,0.637564
525,0.640595
525,0.643587
525,0.643692
525,0.643844
525,0.645564
525,0.647236
525,0.647897
525,0.648281
525,0.648750
525,0.650419
525,0.650790
525,0.652060
525,0.652576
525,0.653182
525,0.653591
525,0.654498
525,0.654581
525,0.654729
525,0.656118
525,0.656214
525,0.656594
525,0.659254
525,0.663318
525,0.665307
525,0.665762
525,0.667154
525,0.668738
525,0.668983
525,0.669312
525,0.669782
525,0.669947
526,0.672782
526,0.674927
526,0.675531
526,0.675553
526,0.676370
526,0.677468
526,0.679116
526,0.679738
526,0.679823
526,0.679996
526,0.680015
526,0.680023
526,0.680865
526,0.681218
526,0.682863
527,0.685005
527,0.685669
527,0.686594
527,0.687042
527,0.687468
527,0.687539
527,0.689646
527,0.690579
527,0.691450
527,0.693161
527,0.694521
527,0.696235
527,0.698572
527,0.700123
527,0.700500
527,0.700883
527,0.701254
527,0.701453
527,0.701640
527,0.702008
527,0.702544
527,0.704411
527,0.704501
527,0.704559
527,0.704573
527,0.705912
527,0.707162
527,0.707367
527,0.707878
527,0.708163
527,0.708910
527,0.709165
527,0.709568
527,0.711936
527,0.712223
527,0.715128
527,0.716177
527,0.716724
527,0.717354
527,0.718402
528,0.724410
528,0.725214
528,0.725596
528,0.726079
528,0.726569
528,0.726635
528,0.728369
528,0.728985
528,0.729005
528,0.729537
529,0.733762
529,0.735191
529,0.738188
529,0.738474
529,0.740298
529,0.740692
529,0.740700
529,0.744343
529,0.745015
529,0.745761
529,0.746999
529,0.747034
529,0.747733
529,0.748460
530,0.748876
530,0.748953
530,0.749825
530,0.750899
530,0.751291
530,0.753149
530,0.753207
530,0.755207
530,0.755863
531,0.756381
531,0.757345
531,0.758723
531,0.759654
531,0.759908
531,0.760295
531,0.761196
531,0.761304
532,0.761850
532,0.762250
532,0.762665
532,0.763088
532,0.763192
532,0.764077
533,0.767476
533,0.767757
533,0.768048
534,0.768482
534,0.768870
534,0.769589
534,0.770313
534,0.770930
534,0.772414
534,0.772600
534,0.772890
536,0.775622
536,0.776524
536,0.777011
537,0.778209
538,0.779544
538,0.780314
538,0.781271
538,0.781426
539,0.781736
539,0.782038
539,0.782982
540,0.785341
541,0.786077
542,0.788993
542,0.789298
542,0.789687
543,0.791321
543,0.792593
543,0.792959
545,0.795444
545,0.796516
545,0.796658
545,0.796681
545,0.797048
545,0.797570
546,0.800058
547,0.800999
547,0.801202
547,0.801588
547,0.802828
548,0.804576
548,0.805010
549,0.805926
551,0.810660
551,0.810792
552,0.811462
552,0.811926
552,0.812149
554,0.814894
557,0.817704
558,0.818192
558,0.818709
559,0.819378
559,0.819577
561,0.820970
562,0.821933
563,0.822605
564,0.823272
565,0.824231
565,0.824409
566,0.824487
570,0.827093
571,0.827667
572,0.827867
572,0.827900
576,0.830292
576,0.830927
577,0.831165
579,0.832244
579,0.832452
581,0.833484
587,0.835845
589,0.836576
594,0.837753
596,0.838507
596,0.838531
602,0.840234
603,0.840610
607,0.841959
609,0.842907
618,0.845137
618,0.845265
623,0.846545
624,0.846827
630,0.848203
633,0.849165
636,0.849836
637,0.850412
639,0.851138
641,0.851870
642,0.852174
645,0.853328
647,0.854001
649,0.854438
651,0.854727
656,0.855868
659,0.856642
670,0.859468
675,0.860669
675,0.860740
680,0.862177
682,0.862583
687,0.863571
687,0.863651
689,0.864021
710,0.868272
711,0.868428
713,0.868863
714,0.869017
714,0.869130
729,0.871788
732,0.872105
760,0.875421
778,0.877720
796,0.880165
800,0.880662
804,0.881393
813,0.882576
833,0.886215
837,0.886746
847,0.888610
848,0.888665
857,0.890079
862,0.890654
862,0.890831
885,0.893484
886,0.893602
887,0.893676
892,0.894222
935,0.897948
937,0.898010
944,0.898589
949,0.899142
979,0.902039
990,0.902851
999,0.903437
1019,0.904585
1066,0.907256
1068,0.907353
1087,0.908909
1089,0.909097
1092,0.909367
1094,0.909546
1108,0.911159
1108,0.911197
1112,0.911545
1116,0.912097
1122,0.912888
1141,0.915405
1150,0.916582
1154,0.917129
1157,0.917443
1183,0.920454
1217,0.923585
1234,0.925015
1278,0.928731
1283,0.929169
1284,0.929256
1306,0.931190
1332,0.933311
1343,0.934213
1405,0.937813
1414,0.938192
1435,0.939103
1446,0.939515
1458,0.939954
1462,0.940064
1477,0.940529
1511,0.941352
1535,0.941849
1599,0.942865
1662,0.943644
1748,0.944645
1797,0.945424
1857,0.946435
2039,0.948215
2139,0.948625
2174,0.948743
2333,0.949092
3352,0.951162
3458,0.952613
3498,0.953409
3519,0.953832
3571,0.954934
3604,0.955643
3658,0.956886
3677,0.957359
3712,0.958140
3729,0.958484
3775,0.959337
3842,0.960254
3900,0.960879
4088,0.962641
4781,0.965253
5503,0.966304
6117,0.967272
6293,0.967787
6631,0.969908
6701,0.970412
6844,0.971366
7088,0.972672
7095,0.972711
7222,0.973384
7296,0.973858
7371,0.974390
7454,0.975020
7541,0.975688
7644,0.976449
9480,0.981838
10389,0.985115
10657,0.985833
11847,0.987830
13670,0.988528
19074,0.989282
20760,0.989431
20911,0.989492
21260,0.989659
21433,0.989726
21644,0.989786
794249,0.993522
813980,0.994875
836977,0.996130
840008,0.996275
858233,0.997070
869785,0.997500
911772,0.998688
919190,0.998836
954600,0.999326
966063,0.999436
2370077,1.000000
