333044.896905
2953.162510
490,0.000000
495,0.000509
496,0.000811
496,0.001263
496,0.001279
496,0.002096
497,0.002761
497,0.003157
497,0.004519
497,0.005000
497,0.006763
497,0.007147
498,0.008627
498,0.008859
498,0.009041
498,0.009569
498,0.011591
499,0.014458
499,0.015322
499,0.015810
499,0.016032
499,0.017456
499,0.017615
499,0.021247
499,0.021989
499,0.022946
499,0.022962
499,0.026983
499,0.028989
499,0.029196
499,0.029356
499,0.029719
499,0.031061
499,0.031904
499,0.032509
499,0.032691
499,0.033750
499,0.033777
500,0.034858
500,0.035459
500,0.036265
500,0.036693
500,0.037630
500,0.038739
500,0.038780
500,0.039400
500,0.039977
500,0.040610
500,0.041246
500,0.043090
500,0.044386
500,0.044887
500,0.045924
500,0.046081
500,0.048918
501,0.049329
501,0.052119
501,0.052502
501,0.054892
501,0.055303
501,0.056187
501,0.057008
501,0.058365
501,0.058974
501,0.059295
501,0.061390
501,0.061526
501,0.061747
501,0.062702
501,0.063283
501,0.068465
501,0.069311
501,0.070829
501,0.070909
501,0.072861
501,0.073224
501,0.073665
501,0.074436
501,0.074566
501,0.074970
501,0.076430
501,0.081539
501,0.081946
501,0.082410
501,0.083711
501,0.085307
501,0.085387
501,0.085636
501,0.087855
501,0.090477
501,0.091705
501,0.092283
501,0.092510
501,0.093094
501,0.094739
501,0.095668
501,0.097769
501,0.098380
501,0.098623
501,0.101922
501,0.104238
501,0.104375
501,0.104957
501,0.106433
501,0.108052
501,0.108996
502,0.111156
502,0.111677
502,0.113588
502,0.114154
502,0.117429
502,0.118171
502,0.118632
502,0.118880
502,0.120879
502,0.122411
502,0.122587
502,0.123513
502,0.123584
502,0.123691
502,0.124522
502,0.124766
502,0.126058
502,0.126924
502,0.127187
503,0.128006
503,0.128065
503,0.128775
503,0.129298
503,0.129838
503,0.130040
503,0.131548
503,0.132155
503,0.133007
503,0.133536
503,0.134612
503,0.136474
503,0.137601
503,0.138443
503,0.138849
503,0.138850
503,0.139140
503,0.140232
503,0.140832
503,0.141036
503,0.141448
503,0.142491
503,0.142887
503,0.143023
503,0.143860
503,0.143990
503,0.144930
503,0.146573
503,0.146805
503,0.147071
503,0.147428
503,0.148756
503,0.151388
503,0.151488
503,0.153569
503,0.155583
503,0.156952
503,0.157228
503,0.158564
503,0.159583
503,0.159857
503,0.160540
503,0.160568
503,0.160953
503,0.161051
503,0.161558
503,0.161700
503,0.164423
503,0.164528
503,0.166758
503,0.167342
503,0.168402
503,0.170104
503,0.170634
503,0.171953
503,0.172760
503,0.172882
503,0.178667
503,0.179878
503,0.180026
503,0.180029
503,0.181206
503,0.181368
503,0.183474
503,0.184249
503,0.185755
503,0.186906
503,0.189132
503,0.189266
503,0.190073
503,0.191380
503,0.191827
503,0.192570
503,0.193070
503,0.193135
503,0.193307
503,0.193554
503,0.194280
503,0.195002
503,0.195847
503,0.197993
503,0.199815
503,0.200521
503,0.203715
503,0.204694
503,0.205151
503,0.205652
503,0.209538
503,0.210198
503,0.210751
503,0.211180
503,0.211732
503,0.212529
503,0.214543
503,0.216595
503,0.218436
503,0.218808
503,0.220269
503,0.222151
503,0.222649
503,0.222818
503,0.223463
503,0.224404
503,0.224580
503,0.224723
503,0.224776
503,0.225729
503,0.229149
503,0.230082
503,0.230182
503,0.230843
503,0.231539
503,0.232787
503,0.234065
503,0.234564
503,0.235812
503,0.236341
503,0.237078
503,0.240145
503,0.241062
503,0.241171
503,0.241416
503,0.241711
503,0.243819
503,0.244507
503,0.244621
503,0.244834
503,0.245184
503,0.248063
503,0.248803
504,0.250038
504,0.250663
504,0.250898
504,0.254223
504,0.256702
504,0.257996
504,0.259067
504,0.259412
504,0.260526
504,0.260840
504,0.261792
504,0.262285
504,0.262629
504,0.262975
504,0.263999
504,0.264137
504,0.265692
504,0.266237
504,0.266883
504,0.266960
504,0.267118
504,0.268777
504,0.269219
504,0.271818
504,0.273773
504,0.274615
504,0.275081
505,0.276460
505,0.280158
505,0.280579
505,0.280735
505,0.281704
505,0.283689
505,0.284316
505,0.286308
505,0.286556
505,0.286688
505,0.286934
505,0.292500
505,0.292720
505,0.292798
505,0.292910
505,0.295856
505,0.295908
505,0.296437
505,0.296489
505,0.297118
505,0.298707
505,0.299005
505,0.299035
505,0.299534
505,0.299589
505,0.299878
505,0.300407
505,0.300575
505,0.300970
505,0.302317
505,0.303923
505,0.303932
505,0.304065
505,0.306699
505,0.306941
505,0.307704
505,0.308269
505,0.308646
505,0.311651
505,0.311785
505,0.311797
505,0.312345
505,0.313002
505,0.314073
505,0.314813
505,0.314855
505,0.315148
505,0.315381
505,0.315809
505,0.319572
505,0.324554
505,0.324988
505,0.325340
505,0.326032
505,0.326821
505,0.329562
505,0.329833
505,0.331533
505,0.331956
505,0.333016
505,0.333442
505,0.334203
505,0.334406
505,0.336807
505,0.336808
505,0.337828
505,0.340432
505,0.340829
505,0.341491
505,0.342300
505,0.342584
505,0.342962
505,0.343216
505,0.343900
505,0.345151
505,0.346161
505,0.347521
505,0.349070
505,0.349479
505,0.349940
505,0.350051
505,0.350146
505,0.352626
505,0.354789
505,0.355108
505,0.356042
505,0.356237
505,0.356833
505,0.357082
505,0.357177
505,0.358161
505,0.358645
505,0.358733
505,0.359288
505,0.360485
505,0.361205
505,0.361982
505,0.362727
505,0.362819
505,0.362996
505,0.364825
505,0.365433
505,0.366213
505,0.367389
505,0.367707
505,0.367960
505,0.369136
505,0.369263
505,0.370033
505,0.370132
505,0.372898
505,0.373671
505,0.374295
505,0.375336
505,0.376053
505,0.378604
505,0.379294
505,0.379528
505,0.380674
505,0.382231
505,0.383847
505,0.386081
505,0.387003
505,0.387540
505,0.387741
505,0.388059
505,0.388235
505,0.389406
505,0.390884
505,0.391021
505,0.391058
505,0.391137
505,0.391966
505,0.392993
505,0.393560
505,0.393748
505,0.396504
505,0.398052
505,0.398314
505,0.398321
505,0.398979
505,0.399492
505,0.400371
505,0.400643
505,0.401348
505,0.401520
505,0.403355
505,0.405032
505,0.405853
505,0.406870
505,0.407518
505,0.407653
505,0.409310
505,0.409852
505,0.409882
505,0.410432
505,0.413301
505,0.413998
505,0.414230
505,0.414905
506,0.416690
506,0.418892
506,0.419922
506,0.419967
506,0.420171
506,0.420777
506,0.420847
506,0.422622
506,0.423376
506,0.423402
506,0.423850
506,0.424354
506,0.424622
506,0.426508
506,0.427153
506,0.427926
506,0.428876
506,0.429384
506,0.432322
506,0.432590
506,0.433453
506,0.435369
506,0.436542
506,0.437757
506,0.438168
506,0.438909
506,0.445130
506,0.445185
506,0.445997
506,0.447309
506,0.447470
506,0.448612
506,0.448986
506,0.451852
506,0.454590
506,0.455968
506,0.458637
507,0.462162
507,0.463352
507,0.464252
507,0.467361
507,0.472684
507,0.473038
507,0.473442
507,0.473929
507,0.474755
507,0.474862
507,0.475084
507,0.476382
507,0.478093
507,0.478520
507,0.479298
507,0.480306
507,0.480822
507,0.481376
507,0.483344
507,0.484662
507,0.489308
507,0.492529
507,0.494108
507,0.496575
507,0.496654
507,0.498651
507,0.499238
507,0.499459
507,0.499641
507,0.502937
507,0.503085
507,0.503321
507,0.503599
507,0.506363
507,0.508405
507,0.513569
507,0.513979
507,0.515335
507,0.516917
507,0.518525
507,0.518914
507,0.519234
507,0.522570
507,0.523114
507,0.523326
507,0.526742
507,0.530706
507,0.530888
507,0.530961
507,0.531087
507,0.536083
507,0.536682
507,0.537425
507,0.538652
507,0.539019
507,0.539233
507,0.539465
507,0.540454
507,0.541028
507,0.541410
507,0.541433
507,0.541465
507,0.541900
507,0.542343
507,0.542888
507,0.543669
507,0.543686
507,0.545438
507,0.545727
507,0.545787
507,0.545968
507,0.547320
507,0.548223
507,0.548588
507,0.549836
507,0.551523
507,0.553430
507,0.553783
507,0.555955
507,0.557091
507,0.557718
507,0.557821
507,0.558448
507,0.558678
507,0.559413
507,0.563211
508,0.565577
508,0.566293
508,0.567606
508,0.570188
508,0.570297
508,0.571568
508,0.572025
508,0.574887
508,0.575269
508,0.576213
508,0.577498
508,0.577575
508,0.578181
508,0.578618
508,0.579613
508,0.579746
508,0.579815
508,0.581278
508,0.581465
508,0.582944
508,0.583600
508,0.584713
508,0.587687
508,0.587795
508,0.588468
508,0.590603
508,0.590924
508,0.590949
508,0.592125
508,0.595376
508,0.595967
508,0.596378
508,0.597361
508,0.597988
508,0.598430
508,0.598664
508,0.599810
508,0.600161
508,0.601526
508,0.601601
508,0.601831
508,0.602377
508,0.603360
508,0.606728
508,0.606999
508,0.609771
508,0.610999
508,0.611039
508,0.611193
508,0.611890
508,0.611974
508,0.613333
509,0.615014
509,0.617306
509,0.617695
509,0.617866
509,0.618685
509,0.619615
509,0.620121
509,0.620232
509,0.621246
509,0.621500
509,0.622914
509,0.623752
509,0.624987
509,0.627303
509,0.628050
509,0.628628
509,0.629857
509,0.630367
509,0.631048
509,0.631219
509,0.631842
509,0.632763
509,0.632772
509,0.633588
509,0.639531
509,0.640039
509,0.640212
509,0.641148
509,0.643554
509,0.643971
509,0.644438
509,0.645072
509,0.648252
509,0.651903
509,0.652931
509,0.653511
509,0.654425
509,0.656717
509,0.659716
509,0.660257
509,0.660436
509,0.663203
509,0.665112
509,0.667463
510,0.670121
510,0.670252
510,0.672972
510,0.673155
510,0.673728
510,0.673957
510,0.674145
510,0.674671
510,0.675372
510,0.675658
510,0.676109
510,0.676358
510,0.677778
510,0.678471
510,0.683405
510,0.685749
510,0.686262
510,0.688731
510,0.689681
510,0.690571
510,0.692709
510,0.695526
510,0.695554
510,0.695694
510,0.695697
510,0.696182
510,0.696423
510,0.696658
510,0.699941
510,0.699946
510,0.700424
510,0.701072
510,0.701515
510,0.702483
510,0.702779
510,0.703504
511,0.706847
511,0.706989
511,0.714161
511,0.716635
511,0.717165
511,0.718180
511,0.720346
511,0.722948
512,0.723104
512,0.723185
512,0.723804
512,0.725995
512,0.727926
512,0.729283
512,0.729366
512,0.730141
512,0.730358
512,0.730695
512,0.732327
512,0.734706
512,0.736828
512,0.737138
512,0.739626
512,0.741831
512,0.742052
513,0.743498
513,0.744172
514,0.746914
514,0.749318
514,0.751602
515,0.756284
516,0.757008
516,0.758006
516,0.758578
516,0.759011
516,0.759756
517,0.763158
518,0.765173
518,0.767143
518,0.767388
518,0.767868
518,0.768713
518,0.768737
518,0.768766
519,0.771139
519,0.771144
519,0.771155
519,0.771422
519,0.771633
519,0.771849
519,0.772823
519,0.772946
519,0.772989
519,0.773589
520,0.777755
521,0.780577
521,0.781076
521,0.782115
521,0.782782
521,0.784492
521,0.785030
521,0.785084
521,0.785496
521,0.785637
521,0.785710
521,0.786855
521,0.787274
521,0.787324
521,0.787910
522,0.790446
522,0.790694
523,0.791597
523,0.792280
523,0.792307
523,0.794158
523,0.796103
523,0.796553
523,0.797389
523,0.798338
523,0.799929
523,0.800259
524,0.803000
524,0.803019
525,0.803376
525,0.803498
525,0.806500
525,0.807207
525,0.808535
525,0.808715
525,0.809340
525,0.809596
525,0.810075
525,0.810558
525,0.811111
526,0.811821
526,0.812090
526,0.812316
526,0.812608
526,0.813443
527,0.814323
527,0.815004
527,0.815335
527,0.816524
527,0.817025
527,0.817200
527,0.818841
528,0.820092
528,0.820436
529,0.822554
529,0.824204
529,0.824358
529,0.824702
529,0.825182
530,0.825315
530,0.825389
530,0.825898
530,0.828034
531,0.828509
531,0.829591
531,0.829626
532,0.831352
532,0.832554
532,0.832719
532,0.833093
533,0.833787
534,0.835896
534,0.836056
534,0.837188
536,0.838556
536,0.838632
538,0.839956
539,0.840533
544,0.842710
544,0.842721
547,0.843785
548,0.844244
552,0.846906
552,0.847098
552,0.847449
552,0.847545
554,0.849869
555,0.851661
556,0.852762
557,0.855080
557,0.855278
558,0.856435
561,0.859546
562,0.860618
569,0.862192
576,0.863258
576,0.863323
578,0.864364
579,0.864957
580,0.865460
580,0.865840
583,0.868607
584,0.868981
585,0.870744
585,0.870745
586,0.871151
587,0.871995
587,0.872228
587,0.873118
589,0.874422
590,0.875606
591,0.876321
592,0.876857
594,0.877738
609,0.879810
611,0.880616
612,0.880989
613,0.881187
613,0.881470
615,0.882483
615,0.882667
615,0.882682
616,0.884047
618,0.884708
618,0.884949
618,0.885234
618,0.885600
620,0.887174
620,0.887902
622,0.888645
622,0.888815
622,0.889381
627,0.890571
634,0.891419
634,0.891474
646,0.892733
648,0.893307
652,0.895336
653,0.895912
655,0.897238
655,0.897285
655,0.897606
655,0.897637
657,0.898666
657,0.898955
664,0.901044
666,0.901169
680,0.901903
688,0.902642
697,0.907255
697,0.907345
697,0.907499
704,0.909715
717,0.910350
722,0.910574
733,0.911923
735,0.912717
736,0.913342
737,0.913802
740,0.915493
740,0.915578
740,0.916014
741,0.916595
742,0.917271
743,0.918070
744,0.918280
744,0.918757
745,0.919102
746,0.919461
748,0.920482
748,0.920904
748,0.921023
748,0.921124
767,0.923249
789,0.926633
790,0.926828
790,0.927131
790,0.927893
791,0.928166
791,0.928654
791,0.928843
791,0.928852
792,0.929278
793,0.930888
794,0.931495
794,0.931571
796,0.933743
797,0.935346
800,0.937404
802,0.938254
805,0.939071
810,0.939641
853,0.944128
855,0.944411
858,0.945516
858,0.945715
861,0.946620
870,0.947845
874,0.948023
882,0.948374
893,0.948809
915,0.950453
915,0.950459
915,0.950779
918,0.952003
919,0.953189
919,0.953562
919,0.954120
919,0.954213
920,0.954925
922,0.955733
922,0.955877
922,0.957696
922,0.957709
922,0.958617
923,0.959195
923,0.959343
925,0.960322
925,0.960417
925,0.961392
925,0.962528
926,0.963291
926,0.964433
926,0.964554
926,0.966491
928,0.967139
929,0.971652
930,0.972354
932,0.973171
932,0.973290
936,0.978964
936,0.979163
939,0.979774
990,0.982478
1059,0.983699
1110,0.984557
1110,0.984567
1296,0.987256
1501,0.988560
1505,0.988581
1700,0.989261
3596,0.991047
5575,0.992212
8999,0.995457
10316,0.996242
12314,0.997005
13422,0.997316
13752,0.997403
18730,0.997888
1473459,0.999472
3467756,1.000000
