710193.633526
1351.776929
360,0.000000
364,0.000118
364,0.000162
365,0.000388
367,0.002082
367,0.002397
367,0.002814
368,0.002938
368,0.003024
368,0.003345
368,0.003393
368,0.003573
368,0.003855
369,0.004112
369,0.004130
374,0.007387
375,0.009183
377,0.010467
377,0.010988
378,0.011430
380,0.012320
380,0.012478
381,0.013062
383,0.015671
383,0.016028
384,0.016847
385,0.018840
386,0.020090
386,0.020383
386,0.020776
387,0.021716
388,0.022214
389,0.022787
389,0.022815
390,0.023148
429,0.024092
444,0.024567
469,0.025461
497,0.026802
497,0.028006
497,0.028106
497,0.028376
498,0.030372
498,0.030538
498,0.030805
498,0.030989
499,0.031882
499,0.032656
499,0.032977
499,0.033162
499,0.033485
499,0.033645
499,0.034761
499,0.034857
499,0.035648
499,0.035831
500,0.040340
500,0.040998
500,0.041025
500,0.043416
500,0.043880
500,0.044390
500,0.046262
501,0.047241
501,0.048356
501,0.050412
501,0.050449
501,0.051429
501,0.052846
501,0.053252
501,0.054158
501,0.054738
501,0.056889
501,0.057709
501,0.057918
501,0.058900
501,0.059426
501,0.060433
501,0.060952
501,0.061146
501,0.061646
501,0.065878
501,0.067227
501,0.067311
501,0.067515
501,0.068770
501,0.069780
501,0.072053
501,0.072278
502,0.075374
502,0.075504
502,0.076243
502,0.078149
502,0.078218
502,0.079555
502,0.079699
502,0.079870
502,0.080554
502,0.080776
502,0.080865
502,0.081041
502,0.081466
503,0.083109
503,0.083440
503,0.084523
503,0.084724
503,0.085115
503,0.085772
503,0.087396
503,0.088008
503,0.088148
503,0.088174
503,0.089747
503,0.089767
503,0.092534
503,0.094759
503,0.095163
503,0.095188
503,0.095862
503,0.096658
503,0.096692
503,0.097014
503,0.098190
503,0.101409
503,0.102173
503,0.103632
503,0.103675
503,0.104802
503,0.105245
503,0.105397
503,0.106014
503,0.106793
503,0.107022
503,0.107588
503,0.108673
503,0.109245
503,0.109694
503,0.110058
503,0.112663
503,0.112725
503,0.112930
503,0.116606
503,0.118749
503,0.119063
503,0.119762
503,0.120173
503,0.121249
503,0.124474
503,0.126875
503,0.127256
503,0.127691
503,0.128579
503,0.130495
503,0.133181
503,0.134510
503,0.135087
503,0.136380
503,0.137717
503,0.140436
503,0.140689
503,0.141277
504,0.142103
504,0.143065
504,0.144308
504,0.144663
504,0.145095
504,0.145884
504,0.146169
504,0.146213
504,0.147279
504,0.148945
504,0.149225
504,0.151750
505,0.157924
505,0.158249
505,0.158277
505,0.158613
505,0.160230
505,0.160599
505,0.161772
505,0.165295
505,0.167601
505,0.169221
505,0.169831
505,0.170364
505,0.171377
505,0.172637
505,0.173016
505,0.173807
505,0.174370
505,0.174382
505,0.175664
505,0.177038
505,0.179031
505,0.180164
505,0.180875
505,0.181592
505,0.182038
505,0.182484
505,0.182513
505,0.183073
505,0.183504
505,0.184886
505,0.184957
505,0.185242
505,0.186123
505,0.187186
505,0.187518
505,0.189991
505,0.190780
505,0.191287
505,0.192894
505,0.194542
505,0.198417
505,0.199350
505,0.200060
505,0.200635
505,0.201296
505,0.201693
505,0.203453
505,0.203837
505,0.204201
505,0.204513
505,0.205129
505,0.207000
505,0.207202
505,0.209724
505,0.210079
505,0.210631
505,0.211390
505,0.215829
505,0.216418
505,0.216683
505,0.217083
505,0.218331
505,0.219319
505,0.219772
505,0.219836
505,0.220797
505,0.223393
505,0.224315
505,0.224673
505,0.226472
505,0.227110
505,0.227148
505,0.227405
505,0.227554
506,0.228594
506,0.229371
506,0.230020
506,0.235617
506,0.237018
506,0.237367
506,0.237553
506,0.238140
506,0.238370
506,0.238951
506,0.239151
506,0.242895
506,0.244043
506,0.244837
506,0.245647
506,0.249546
506,0.249920
506,0.249924
507,0.254994
507,0.255077
507,0.255872
507,0.257721
507,0.259843
507,0.261009
507,0.262939
507,0.265756
507,0.267207
507,0.268496
507,0.269981
507,0.271401
507,0.271874
507,0.273081
507,0.273174
507,0.273177
507,0.273941
507,0.274233
507,0.275440
507,0.275992
507,0.277376
507,0.279294
507,0.280673
507,0.281295
507,0.281572
507,0.281746
507,0.284022
507,0.285674
507,0.286487
507,0.286553
507,0.286882
507,0.287131
507,0.291638
507,0.292401
507,0.293336
507,0.293688
507,0.293820
507,0.294094
507,0.295463
507,0.295492
507,0.296517
507,0.296531
507,0.296694
507,0.296696
507,0.301832
507,0.302939
507,0.303543
507,0.305529
507,0.306536
507,0.307050
507,0.307581
507,0.307649
507,0.307678
507,0.309525
507,0.310222
507,0.311284
507,0.311380
508,0.314315
508,0.315699
508,0.316298
508,0.317887
508,0.318288
508,0.320856
508,0.322082
508,0.322495
508,0.325545
508,0.328006
508,0.329751
508,0.329967
508,0.330587
508,0.333066
508,0.334293
508,0.334465
508,0.337120
508,0.337289
508,0.338034
508,0.338219
508,0.338383
508,0.339891
508,0.340358
508,0.342621
508,0.343325
508,0.343480
509,0.346916
509,0.347302
509,0.349045
509,0.349736
509,0.349907
509,0.350089
509,0.350175
509,0.351452
509,0.352849
509,0.352976
509,0.353062
509,0.353240
509,0.353329
509,0.354764
509,0.357720
509,0.358721
509,0.358985
509,0.359609
509,0.361576
509,0.363375
509,0.363423
509,0.364291
509,0.364427
509,0.365445
509,0.366513
509,0.366953
509,0.367088
509,0.368922
509,0.370530
509,0.370705
509,0.371494
509,0.371726
509,0.372330
509,0.373070
509,0.373440
509,0.375081
509,0.376471
509,0.377165
509,0.379353
509,0.380636
509,0.380639
509,0.381137
510,0.382838
510,0.383748
510,0.384581
510,0.385641
510,0.386954
510,0.388109
510,0.388676
510,0.390721
510,0.392472
510,0.393039
510,0.393217
510,0.393429
510,0.394867
510,0.395902
510,0.396907
510,0.397043
510,0.397806
510,0.397988
510,0.399476
510,0.400200
510,0.400596
510,0.402140
510,0.402564
510,0.403223
510,0.403280
510,0.403790
510,0.404645
510,0.405199
510,0.405291
511,0.412562
511,0.413548
511,0.414219
511,0.414549
511,0.415367
511,0.415402
511,0.418202
511,0.419025
511,0.421521
511,0.422579
511,0.423591
511,0.424791
512,0.425723
512,0.426055
512,0.426547
512,0.426920
512,0.427846
512,0.428367
512,0.429115
512,0.429398
512,0.429469
512,0.430840
512,0.432778
512,0.433419
512,0.433715
512,0.433918
512,0.434285
512,0.437339
512,0.438482
512,0.438660
512,0.440360
512,0.441080
512,0.441371
512,0.442781
513,0.445457
513,0.446654
514,0.446958
514,0.447670
514,0.447756
514,0.448005
514,0.450330
514,0.450371
514,0.450765
514,0.450766
514,0.450859
514,0.451268
514,0.453734
514,0.453943
516,0.456844
516,0.456844
516,0.456942
518,0.458629
525,0.460007
529,0.463861
530,0.466296
530,0.466354
530,0.466565
532,0.467954
532,0.468437
532,0.468731
532,0.468766
534,0.472068
535,0.472526
536,0.473186
536,0.473450
538,0.474249
551,0.476443
552,0.477082
552,0.477173
553,0.478226
553,0.478463
554,0.479140
556,0.481404
556,0.481713
556,0.481726
557,0.482557
557,0.482571
557,0.483550
558,0.484032
558,0.484765
560,0.487305
560,0.487310
562,0.488406
563,0.489124
566,0.489808
579,0.491614
581,0.492621
581,0.493068
581,0.493477
583,0.494360
583,0.495060
584,0.495990
585,0.496456
587,0.500188
589,0.503061
590,0.503555
591,0.505104
593,0.506265
594,0.506756
609,0.509843
611,0.512359
611,0.512578
611,0.512646
612,0.514688
613,0.515610
613,0.515891
613,0.517265
614,0.520005
614,0.520241
614,0.521114
614,0.521660
615,0.522489
616,0.524601
616,0.526462
616,0.526624
616,0.527467
616,0.528606
616,0.528792
616,0.531702
617,0.532715
618,0.533996
618,0.534321
618,0.535234
618,0.535372
618,0.537070
618,0.537758
618,0.538339
618,0.538818
618,0.539506
618,0.539716
618,0.541219
618,0.541279
618,0.541391
618,0.541545
618,0.542085
618,0.542246
618,0.542914
618,0.543327
619,0.543644
620,0.548793
620,0.548801
620,0.550087
620,0.552646
621,0.556263
621,0.557007
621,0.557428
621,0.558972
621,0.559056
621,0.559547
621,0.560930
622,0.561776
622,0.561984
622,0.562173
622,0.562230
622,0.562475
622,0.562679
622,0.563149
622,0.564394
622,0.564647
622,0.565491
622,0.565496
622,0.565629
622,0.567175
623,0.569002
623,0.569446
623,0.571140
624,0.572446
624,0.572667
625,0.574680
625,0.575120
625,0.575431
626,0.576544
627,0.578642
629,0.579182
631,0.580294
643,0.581091
644,0.581805
646,0.583523
646,0.584060
648,0.585105
648,0.585125
648,0.585163
648,0.585180
648,0.585475
648,0.585861
648,0.586457
648,0.586851
648,0.586938
649,0.588427
650,0.592933
650,0.594509
651,0.595781
651,0.596336
651,0.598048
651,0.600689
652,0.601247
652,0.603851
653,0.604296
653,0.607203
653,0.611609
653,0.611860
653,0.614258
653,0.614264
653,0.614753
653,0.614900
653,0.614984
654,0.615513
654,0.615754
654,0.615848
654,0.615919
654,0.616282
654,0.616888
654,0.616921
654,0.617783
654,0.618033
655,0.619403
655,0.620899
655,0.623324
655,0.623751
655,0.624399
655,0.624636
655,0.624913
655,0.626265
655,0.626852
655,0.627147
655,0.627332
656,0.628449
656,0.628585
656,0.629545
656,0.629976
656,0.630518
656,0.630920
656,0.632176
656,0.632467
657,0.633024
657,0.633251
657,0.633646
657,0.635173
657,0.636775
657,0.636910
657,0.637659
657,0.638072
657,0.638617
658,0.641750
658,0.643236
658,0.644406
659,0.648504
660,0.650895
660,0.652372
660,0.653326
660,0.653660
661,0.654673
661,0.656494
661,0.656698
662,0.657791
662,0.658669
662,0.659414
662,0.659420
663,0.661182
666,0.663970
667,0.664270
687,0.667518
687,0.667679
687,0.667712
687,0.668338
688,0.668593
689,0.669878
689,0.670175
689,0.670400
689,0.670513
689,0.671081
689,0.671125
689,0.672848
690,0.674367
690,0.674397
691,0.677994
691,0.678070
692,0.680225
692,0.681510
692,0.683373
692,0.684452
692,0.684652
694,0.688212
694,0.688451
694,0.689314
694,0.690113
694,0.691224
694,0.691613
694,0.692364
694,0.693647
694,0.695198
694,0.695341
694,0.696258
694,0.697455
694,0.697779
695,0.698519
695,0.698548
696,0.705921
696,0.706245
697,0.707056
697,0.707667
697,0.710147
697,0.710992
697,0.711217
697,0.713244
697,0.714650
698,0.715727
698,0.715998
698,0.716914
698,0.717347
698,0.717764
699,0.718922
699,0.721310
699,0.721719
699,0.721792
699,0.722867
699,0.723710
699,0.723950
699,0.724039
700,0.724857
700,0.725001
700,0.726107
700,0.726912
700,0.727948
700,0.728074
700,0.728291
701,0.729289
701,0.730020
702,0.731528
702,0.731909
702,0.733764
702,0.734071
702,0.734303
702,0.734533
702,0.734553
704,0.738158
705,0.740271
706,0.740852
733,0.748188
733,0.749033
735,0.751218
735,0.753158
736,0.753558
736,0.756237
738,0.759112
738,0.759224
738,0.759924
738,0.761070
738,0.761083
738,0.761284
738,0.762012
738,0.763321
738,0.763560
739,0.765741
740,0.766625
740,0.767176
740,0.767456
740,0.771726
741,0.773433
742,0.777574
742,0.777988
742,0.778765
742,0.779259
743,0.782599
744,0.784727
744,0.784806
744,0.785187
744,0.785537
744,0.786201
744,0.787309
744,0.787429
745,0.789135
745,0.789279
746,0.791881
746,0.791968
746,0.793587
746,0.793615
746,0.794702
746,0.796429
746,0.797200
747,0.798268
748,0.800443
748,0.801588
748,0.802290
748,0.803776
748,0.804294
749,0.804616
749,0.805169
749,0.805750
750,0.806368
750,0.806814
750,0.807136
750,0.807146
750,0.807543
752,0.811230
753,0.811933
778,0.815467
784,0.817040
787,0.819541
787,0.819924
787,0.820378
787,0.820387
788,0.821316
788,0.822325
788,0.822542
788,0.823056
788,0.823641
788,0.823742
789,0.824070
790,0.824927
790,0.826566
790,0.827758
790,0.828513
791,0.829413
791,0.830322
791,0.830391
791,0.831733
791,0.832011
791,0.832046
791,0.832406
791,0.833083
793,0.834991
793,0.837428
793,0.837598
793,0.838481
793,0.839722
793,0.839799
794,0.841206
794,0.841681
794,0.842207
794,0.843503
794,0.844189
794,0.845112
794,0.846264
796,0.851347
796,0.852414
796,0.852844
797,0.855511
797,0.855663
797,0.855891
797,0.856602
797,0.856824
797,0.857521
797,0.857606
797,0.859152
798,0.859881
799,0.863101
799,0.863470
799,0.864410
799,0.864490
799,0.864689
799,0.865315
800,0.869230
802,0.870903
802,0.871427
802,0.873257
802,0.873595
802,0.875418
802,0.875996
802,0.876152
804,0.876816
805,0.877830
805,0.878330
805,0.878641
805,0.878922
807,0.880058
808,0.880741
842,0.882410
845,0.884108
847,0.885292
847,0.886636
848,0.887164
848,0.887604
848,0.888290
849,0.889277
850,0.889800
850,0.890402
850,0.891413
850,0.892534
850,0.893308
851,0.894356
853,0.898432
853,0.898977
853,0.899662
853,0.900834
853,0.901650
853,0.901656
853,0.903728
855,0.905700
855,0.905770
855,0.905916
855,0.906365
855,0.907161
856,0.910156
856,0.910502
856,0.911160
856,0.912555
856,0.913148
856,0.913677
857,0.915031
858,0.915613
858,0.916093
858,0.916430
858,0.917163
858,0.918507
858,0.919214
859,0.920516
860,0.922272
860,0.924988
860,0.925283
860,0.925350
861,0.925627
861,0.926426
861,0.927178
861,0.928374
863,0.929490
863,0.930076
864,0.933879
865,0.935201
865,0.935424
866,0.935767
866,0.937624
866,0.938044
872,0.941165
912,0.942542
915,0.942985
918,0.945052
918,0.945291
918,0.945316
919,0.946993
919,0.947285
919,0.947935
919,0.947951
919,0.948938
919,0.948976
919,0.949065
920,0.949416
920,0.949462
922,0.949736
922,0.950325
922,0.950573
922,0.952914
922,0.954245
922,0.955190
925,0.958188
925,0.958629
926,0.962861
926,0.962966
926,0.962999
926,0.964071
926,0.965078
926,0.965210
926,0.965647
926,0.967654
928,0.968788
929,0.970432
929,0.971558
929,0.972106
929,0.975724
929,0.976930
929,0.977905
932,0.980194
932,0.980380
932,0.980697
932,0.980734
932,0.981473
932,0.981937
932,0.982216
932,0.982467
933,0.986101
933,0.986868
933,0.987332
936,0.990758
936,0.991119
936,0.992017
936,0.993260
939,0.995527
939,0.996123
942,0.996999
942,0.997028
949,0.998396
1363,0.999518
97035455,1.000000
