110213.734048
9025.025347
389,0.000000
422,0.003577
422,0.003859
423,0.004312
425,0.005491
426,0.006453
426,0.006551
427,0.007000
427,0.007002
442,0.008913
443,0.008957
498,0.010163
499,0.010937
500,0.011193
501,0.012320
501,0.012769
501,0.013232
501,0.013875
502,0.014725
503,0.018808
503,0.020406
504,0.021193
504,0.021303
504,0.021487
505,0.022964
505,0.023974
505,0.025540
505,0.027371
505,0.028255
505,0.028755
506,0.029050
506,0.030608
507,0.032007
507,0.033000
507,0.035842
507,0.035896
508,0.037933
508,0.038513
508,0.038730
508,0.038882
508,0.039465
508,0.040141
509,0.041680
509,0.041860
509,0.042130
509,0.042229
509,0.043135
509,0.043701
510,0.045470
510,0.045600
510,0.046721
511,0.049770
512,0.051817
512,0.053719
512,0.057031
512,0.057502
513,0.059639
514,0.061066
514,0.061531
514,0.061739
514,0.063293
514,0.063444
514,0.064901
514,0.064937
514,0.067364
514,0.067764
514,0.068384
514,0.069304
514,0.072100
514,0.076624
514,0.078350
514,0.078535
514,0.078780
515,0.081245
515,0.081328
515,0.081362
515,0.082688
515,0.083445
515,0.084914
515,0.087106
515,0.087572
515,0.088434
516,0.089340
516,0.090070
516,0.090348
516,0.091703
516,0.094734
516,0.094954
516,0.097878
516,0.098761
516,0.099156
516,0.100186
516,0.100239
516,0.101635
516,0.101730
516,0.101760
516,0.105608
516,0.105992
516,0.106176
516,0.107327
516,0.107861
516,0.111869
516,0.112181
516,0.112284
516,0.112986
516,0.113741
516,0.114445
516,0.114497
516,0.114558
516,0.115030
516,0.115548
516,0.115639
516,0.118015
516,0.118263
516,0.119318
516,0.120816
516,0.123437
516,0.126246
516,0.126886
516,0.127181
517,0.127619
517,0.127625
517,0.128149
517,0.129351
517,0.129478
517,0.129827
517,0.131032
517,0.131271
517,0.131301
517,0.131418
517,0.131789
517,0.132607
517,0.133153
517,0.137872
517,0.138455
517,0.139505
517,0.140142
517,0.140376
517,0.140727
517,0.141310
517,0.141940
517,0.142477
517,0.144352
517,0.145621
517,0.146749
517,0.146975
517,0.151005
517,0.153812
517,0.154202
517,0.154597
517,0.156251
518,0.159479
518,0.160376
518,0.160551
518,0.160830
518,0.163320
518,0.163805
518,0.163899
518,0.165645
518,0.167845
518,0.167895
518,0.168799
518,0.168924
518,0.169915
518,0.170348
518,0.172028
518,0.173700
518,0.174202
518,0.175161
518,0.175950
518,0.176472
518,0.177415
518,0.179954
518,0.180098
518,0.182002
518,0.183210
518,0.183533
518,0.184469
518,0.185843
518,0.186803
518,0.187219
518,0.189556
518,0.192337
518,0.192472
518,0.193284
518,0.194202
518,0.195780
518,0.198230
518,0.199623
518,0.200515
518,0.200542
518,0.201185
518,0.201351
518,0.201813
518,0.202804
518,0.202927
518,0.205008
518,0.209512
518,0.209944
518,0.210125
518,0.210228
519,0.211560
519,0.211639
519,0.212923
519,0.214860
519,0.215325
519,0.216364
519,0.217976
519,0.218348
519,0.219156
519,0.220065
519,0.220386
519,0.222566
519,0.223521
519,0.224691
519,0.225319
519,0.225825
519,0.226033
519,0.227656
519,0.227977
519,0.230521
519,0.231280
519,0.232005
519,0.232223
519,0.232797
519,0.233720
519,0.234354
519,0.234765
519,0.235264
519,0.235742
519,0.236963
519,0.237312
519,0.237908
519,0.239001
519,0.240042
519,0.241539
519,0.242920
519,0.243083
519,0.244300
519,0.245385
519,0.247992
519,0.248346
519,0.249089
519,0.249572
519,0.252534
519,0.252683
519,0.253160
519,0.253618
519,0.254687
519,0.255006
519,0.256473
519,0.262234
519,0.263231
519,0.263369
519,0.268583
519,0.271352
519,0.272066
519,0.272914
519,0.274000
519,0.274328
519,0.274644
520,0.275098
520,0.275133
520,0.277553
520,0.280266
520,0.280889
520,0.281449
520,0.283888
520,0.285224
520,0.285254
520,0.288488
520,0.288994
520,0.289317
520,0.289735
520,0.289904
520,0.290592
520,0.291902
520,0.292226
520,0.292846
520,0.294008
520,0.296184
520,0.296386
520,0.298793
520,0.299247
520,0.299401
520,0.299682
520,0.300007
520,0.300369
520,0.301494
520,0.304550
520,0.305168
520,0.305520
520,0.306669
520,0.307746
520,0.311676
520,0.311696
520,0.313780
520,0.314969
520,0.317557
520,0.317661
520,0.317894
520,0.319856
520,0.320436
520,0.320530
520,0.321210
520,0.322272
520,0.323983
520,0.325215
520,0.325219
520,0.325724
520,0.327813
520,0.328331
520,0.328745
521,0.332058
521,0.332628
521,0.333184
521,0.333313
521,0.333471
521,0.333841
521,0.333853
521,0.336682
521,0.336857
521,0.336925
521,0.337629
521,0.337840
521,0.339458
521,0.341246
521,0.341506
521,0.341526
521,0.341959
521,0.342492
521,0.343503
521,0.344000
521,0.344038
521,0.345325
521,0.345381
521,0.345498
521,0.346876
521,0.346957
521,0.348791
521,0.348811
521,0.349162
521,0.349866
521,0.350691
521,0.351342
521,0.351938
521,0.352256
521,0.353696
521,0.356288
521,0.357617
521,0.357976
521,0.358376
521,0.358493
521,0.359217
521,0.359765
521,0.360384
521,0.360388
521,0.360472
521,0.361681
521,0.361845
521,0.363709
521,0.364756
521,0.365077
521,0.365931
521,0.366774
521,0.368031
521,0.368543
521,0.368595
521,0.369353
521,0.371022
521,0.376472
521,0.376990
521,0.382104
521,0.382906
521,0.383901
521,0.384568
521,0.384940
521,0.385272
521,0.386197
521,0.387051
521,0.387248
521,0.387853
521,0.388812
521,0.390089
521,0.390980
521,0.392995
521,0.395189
521,0.395324
521,0.396090
521,0.397830
521,0.399060
521,0.399134
521,0.399401
521,0.400357
521,0.402520
521,0.402660
521,0.404927
521,0.408459
521,0.409983
521,0.410084
521,0.410254
521,0.411133
521,0.411347
521,0.411490
521,0.411902
521,0.411932
521,0.412197
521,0.412763
521,0.412848
521,0.414197
521,0.415393
521,0.416845
521,0.417474
521,0.419057
521,0.421657
521,0.422145
521,0.422625
522,0.423370
522,0.425663
522,0.425773
522,0.425960
522,0.427130
522,0.427850
522,0.428657
522,0.428992
522,0.429411
522,0.430221
522,0.430925
522,0.432871
522,0.434405
522,0.436350
522,0.437403
522,0.437688
522,0.438176
522,0.438712
522,0.439963
522,0.440199
522,0.443065
522,0.444097
522,0.445717
522,0.447513
522,0.449120
522,0.449318
522,0.449941
522,0.450522
522,0.453367
522,0.454068
522,0.454945
522,0.455248
522,0.455830
522,0.456940
523,0.460318
523,0.460468
523,0.461931
523,0.462690
523,0.463247
523,0.465408
523,0.465639
523,0.465717
523,0.466378
523,0.467607
523,0.470465
523,0.471616
523,0.475433
523,0.476290
523,0.478029
523,0.478217
523,0.479576
523,0.480895
523,0.482508
523,0.483462
523,0.484282
523,0.484924
523,0.486222
523,0.486864
523,0.487439
523,0.487697
523,0.489654
523,0.490884
523,0.491127
523,0.491263
523,0.491622
523,0.491899
523,0.492949
523,0.493053
523,0.493167
523,0.493507
523,0.494454
523,0.494943
523,0.495672
523,0.495796
523,0.496636
523,0.497749
523,0.497756
523,0.498377
523,0.500230
523,0.500537
523,0.500720
523,0.502842
523,0.504809
523,0.504894
523,0.506954
523,0.507399
523,0.507585
523,0.508467
523,0.509669
523,0.509830
523,0.510098
523,0.511101
523,0.512170
523,0.512638
523,0.514937
523,0.515966
523,0.516852
523,0.518054
523,0.518641
523,0.520260
523,0.520496
523,0.521681
523,0.521710
523,0.523661
523,0.523976
523,0.524435
523,0.525389
523,0.526025
523,0.526790
523,0.527865
523,0.528736
523,0.529157
523,0.529195
523,0.531007
523,0.531540
523,0.532891
523,0.534054
523,0.534949
523,0.535571
523,0.536734
523,0.536838
523,0.538565
523,0.539290
523,0.539862
523,0.540074
523,0.540224
523,0.540778
523,0.541854
523,0.543024
523,0.543182
523,0.544226
523,0.545860
523,0.546998
523,0.547098
523,0.550601
523,0.550894
523,0.551199
523,0.554071
523,0.555848
523,0.556414
523,0.556523
523,0.557441
523,0.558147
523,0.560424
523,0.561317
523,0.562188
523,0.562370
524,0.569439
524,0.570167
524,0.570413
524,0.570967
524,0.571581
524,0.572724
524,0.573028
524,0.577004
524,0.578765
524,0.579373
525,0.580469
525,0.580501
525,0.580811
525,0.582217
525,0.582821
525,0.584478
525,0.584633
525,0.585526
525,0.586024
525,0.586915
525,0.588782
525,0.589644
525,0.589984
525,0.590018
525,0.590331
525,0.591248
525,0.592344
525,0.594761
525,0.594786
525,0.595402
525,0.595416
525,0.596542
525,0.597410
525,0.598867
525,0.599109
525,0.599366
525,0.599831
525,0.600007
525,0.600915
525,0.601039
525,0.601177
525,0.602132
525,0.602739
525,0.602900
525,0.603323
525,0.604296
525,0.608177
525,0.608828
525,0.609139
525,0.610341
525,0.611298
525,0.611303
525,0.614322
525,0.614794
525,0.614844
525,0.615902
525,0.617370
525,0.618055
525,0.620462
525,0.620631
525,0.621740
525,0.621905
525,0.623036
525,0.623387
525,0.623552
525,0.625847
525,0.626968
525,0.629785
525,0.630921
525,0.631215
525,0.632213
525,0.632227
525,0.633034
525,0.633222
525,0.633418
525,0.633569
525,0.633817
525,0.634932
525,0.636125
525,0.636664
525,0.637140
525,0.639135
525,0.639875
525,0.641642
525,0.641752
525,0.642160
525,0.644178
525,0.644600
525,0.646752
525,0.648857
525,0.651265
525,0.653040
525,0.653293
525,0.654212
526,0.655181
526,0.655414
526,0.655725
526,0.655786
526,0.657432
526,0.657507
526,0.657916
526,0.658251
526,0.658428
526,0.658539
526,0.659858
526,0.660430
526,0.664318
526,0.664815
526,0.665258
526,0.665534
526,0.665596
526,0.665792
527,0.666397
527,0.666488
527,0.667627
527,0.668798
527,0.669247
527,0.674747
527,0.676769
527,0.678634
527,0.678824
527,0.679972
527,0.681313
527,0.683848
527,0.684627
527,0.684821
527,0.685802
527,0.686581
527,0.688309
527,0.689781
527,0.693124
527,0.693158
527,0.694312
527,0.694600
527,0.694735
527,0.695299
527,0.695792
527,0.696664
527,0.697092
527,0.698009
527,0.699807
528,0.703366
528,0.705718
528,0.705918
528,0.706552
529,0.711240
529,0.711598
529,0.712985
529,0.713195
529,0.713556
529,0.714660
529,0.717601
529,0.717655
529,0.717941
529,0.718494
529,0.718921
529,0.720322
529,0.720711
529,0.722273
530,0.726315
530,0.727186
530,0.728724
530,0.729076
530,0.730677
530,0.730891
531,0.732604
531,0.732733
531,0.733612
531,0.736486
532,0.738170
532,0.738726
532,0.739662
532,0.740234
532,0.740935
532,0.742203
532,0.742517
532,0.742990
532,0.744322
533,0.745593
534,0.747337
534,0.748119
534,0.748989
534,0.751387
534,0.751402
534,0.752744
534,0.753192
534,0.753248
534,0.754041
535,0.755367
535,0.755613
535,0.756545
535,0.756625
535,0.756797
536,0.757325
536,0.757496
536,0.757603
536,0.760409
536,0.760553
536,0.761344
536,0.761676
536,0.763857
536,0.763985
536,0.764490
536,0.764562
536,0.764854
537,0.766798
538,0.768534
538,0.768808
538,0.770454
538,0.770807
538,0.771573
538,0.771969
539,0.776394
540,0.778086
540,0.779027
540,0.779819
540,0.780271
540,0.780996
540,0.781275
541,0.786148
542,0.786748
542,0.787716
543,0.789526
543,0.790461
543,0.790749
543,0.790966
543,0.791062
543,0.792234
543,0.793125
543,0.793489
543,0.793623
543,0.793686
543,0.793788
544,0.795034
545,0.795667
545,0.799326
545,0.799556
545,0.799621
546,0.800937
547,0.801726
547,0.801734
547,0.803029
547,0.803955
547,0.804079
548,0.806418
548,0.806468
549,0.806615
549,0.808347
550,0.809951
550,0.810364
551,0.810910
552,0.811908
553,0.813709
554,0.813993
554,0.814017
554,0.815196
554,0.815314
555,0.815901
556,0.816619
556,0.816638
558,0.818581
561,0.820425
563,0.821782
563,0.822041
565,0.823180
566,0.823950
567,0.824346
568,0.825227
570,0.826375
570,0.826563
571,0.827509
574,0.829497
574,0.829532
574,0.829648
576,0.831075
581,0.834591
581,0.834682
583,0.835873
587,0.837234
589,0.838387
593,0.840300
598,0.842810
600,0.844525
602,0.845444
602,0.845466
603,0.846737
604,0.847261
605,0.848471
607,0.849959
608,0.850494
614,0.853765
620,0.856615
620,0.856810
623,0.857572
624,0.857960
625,0.858198
627,0.858670
627,0.859026
629,0.859359
629,0.859447
629,0.859556
634,0.861026
638,0.862408
639,0.862978
640,0.863032
642,0.863894
645,0.864693
647,0.865344
649,0.865632
649,0.865813
654,0.866604
664,0.868090
667,0.868653
677,0.870250
682,0.870881
684,0.871112
689,0.871541
737,0.874874
751,0.875848
793,0.880061
796,0.880496
796,0.880520
819,0.883939
820,0.884082
833,0.885903
838,0.886676
840,0.887025
848,0.888006
888,0.892510
895,0.893156
906,0.894137
911,0.894624
921,0.895434
926,0.895887
933,0.896611
960,0.900604
974,0.902388
992,0.904330
993,0.904503
995,0.904672
1008,0.905933
1034,0.908490
1041,0.909136
1051,0.910356
1052,0.910392
1057,0.910962
1062,0.911573
1071,0.912743
1077,0.913434
1079,0.913923
1099,0.916833
1111,0.918856
1112,0.918942
1121,0.920647
1123,0.920751
1128,0.921648
1135,0.922928
1138,0.923365
1138,0.923376
1139,0.923585
1139,0.923594
1147,0.924848
1152,0.925651
1152,0.925711
1157,0.926306
1163,0.927289
1186,0.930381
1194,0.931467
1205,0.932776
1207,0.933026
1208,0.933171
1216,0.934227
1220,0.934666
1227,0.935564
1241,0.937162
1242,0.937354
1263,0.939806
1267,0.940204
1291,0.942557
1305,0.943684
1305,0.943749
1310,0.944062
1321,0.944814
1326,0.945089
1342,0.945918
1344,0.945993
1371,0.947076
1375,0.947226
1378,0.947346
1519,0.950796
1534,0.951047
1634,0.952403
1746,0.954057
1748,0.954096
1834,0.955462
1927,0.956369
1999,0.956812
2218,0.957611
2340,0.957830
2916,0.958208
3297,0.958586
3423,0.959242
3436,0.959342
3829,0.961259
4596,0.964311
5832,0.965438
6293,0.966435
6476,0.967802
6689,0.969433
6712,0.969608
6799,0.970241
6811,0.970325
6963,0.971269
6986,0.971406
7201,0.972539
7274,0.972888
7349,0.973244
7620,0.974464
7839,0.975117
8665,0.977293
8685,0.977413
8740,0.977752
8995,0.979140
9370,0.980409
9441,0.980770
10105,0.984599
23224,0.989843
742139,0.990337
756026,0.990738
784731,0.993210
801880,0.994665
805772,0.994917
806065,0.994936
850274,0.997218
861406,0.997552
888066,0.998191
926848,0.998916
1989296,1.000000
