710418.039746
1350.735459
360,0.000000
365,0.000673
366,0.001343
367,0.002684
369,0.005569
373,0.007133
373,0.007762
374,0.008810
375,0.009722
376,0.011190
381,0.014241
382,0.014875
383,0.016420
383,0.016726
383,0.016834
384,0.017810
384,0.017910
384,0.018199
384,0.018421
384,0.018497
385,0.018837
385,0.019282
386,0.019795
386,0.020496
397,0.022034
397,0.022039
400,0.022302
420,0.023425
434,0.023442
462,0.023537
495,0.024371
498,0.028404
498,0.030159
498,0.030997
498,0.031498
499,0.033380
499,0.033520
499,0.034023
499,0.036133
499,0.037002
499,0.037038
499,0.039351
499,0.039386
499,0.040308
499,0.040348
499,0.042191
500,0.043804
500,0.044900
500,0.044926
500,0.045286
500,0.046020
500,0.046745
500,0.047238
500,0.047301
500,0.048191
500,0.049928
500,0.050986
500,0.051325
501,0.053179
501,0.053811
501,0.054452
501,0.055308
501,0.058013
501,0.058122
501,0.058423
501,0.059801
501,0.059983
501,0.061234
501,0.061480
501,0.063875
501,0.064661
501,0.065094
501,0.066076
501,0.066114
501,0.066245
501,0.067711
501,0.068404
501,0.068886
501,0.072222
501,0.072357
501,0.072514
501,0.073963
501,0.075403
501,0.075607
501,0.077197
501,0.078159
501,0.078795
501,0.079907
501,0.082170
501,0.084050
501,0.084500
501,0.084794
501,0.085450
502,0.087546
502,0.089509
502,0.089551
502,0.089887
502,0.090665
502,0.091145
502,0.091947
502,0.092109
502,0.093207
502,0.093271
502,0.093423
502,0.094303
502,0.095249
503,0.098036
503,0.098956
503,0.099966
503,0.100241
503,0.100722
503,0.100871
503,0.101338
503,0.101756
503,0.102037
503,0.103208
503,0.103308
503,0.103580
503,0.103742
503,0.103876
503,0.107357
503,0.107765
503,0.108191
503,0.108475
503,0.110706
503,0.111180
503,0.112326
503,0.112887
503,0.112940
503,0.119831
503,0.121642
503,0.123794
503,0.124912
503,0.125020
503,0.125490
503,0.126010
503,0.126847
503,0.127779
503,0.130000
503,0.130270
503,0.131519
503,0.132129
503,0.132238
503,0.132299
503,0.132971
503,0.133506
503,0.133995
503,0.135633
503,0.137857
503,0.139038
503,0.140724
503,0.142075
503,0.143252
503,0.143551
503,0.143575
503,0.144642
503,0.145529
503,0.146021
503,0.146584
503,0.147639
503,0.149554
503,0.150809
503,0.151901
503,0.151991
503,0.152018
503,0.152485
503,0.154321
503,0.154322
503,0.154822
503,0.155007
503,0.155764
503,0.156795
503,0.156823
503,0.156843
503,0.157621
503,0.158386
503,0.158844
503,0.158890
503,0.165646
503,0.166353
504,0.167882
504,0.168169
504,0.169728
504,0.170695
504,0.171478
504,0.172941
504,0.175286
504,0.176721
504,0.176805
504,0.177300
504,0.177432
504,0.178298
504,0.181067
504,0.181450
504,0.181553
505,0.182191
505,0.182601
505,0.186305
505,0.187358
505,0.187887
505,0.189535
505,0.191496
505,0.191856
505,0.193933
505,0.194780
505,0.195256
505,0.197515
505,0.197589
505,0.198177
505,0.199324
505,0.199630
505,0.201039
505,0.202314
505,0.209573
505,0.209588
505,0.210013
505,0.210917
505,0.211809
505,0.214468
505,0.215734
505,0.216752
505,0.220535
505,0.221121
505,0.222798
505,0.222816
505,0.223719
505,0.224428
505,0.224894
505,0.225585
505,0.227017
505,0.227154
505,0.229058
505,0.231306
505,0.235931
505,0.237180
505,0.239182
505,0.239866
505,0.240117
505,0.240151
505,0.240192
505,0.240379
505,0.240395
505,0.240462
505,0.242368
505,0.242728
505,0.243047
505,0.243215
505,0.243296
505,0.243348
505,0.243601
505,0.244617
505,0.248407
505,0.249081
505,0.249718
505,0.250696
505,0.250865
505,0.251972
505,0.254121
505,0.254133
505,0.255906
505,0.256642
505,0.257536
505,0.259498
505,0.260936
506,0.262775
506,0.263800
506,0.266228
506,0.267624
506,0.267899
506,0.269351
506,0.269801
506,0.270484
506,0.270737
506,0.271656
506,0.272205
506,0.272659
506,0.273221
506,0.273448
506,0.275106
506,0.275896
506,0.276558
506,0.276620
506,0.277370
506,0.277401
506,0.277804
506,0.279888
506,0.279934
506,0.280393
506,0.280856
506,0.281160
506,0.281169
506,0.283121
506,0.285208
506,0.285639
506,0.285755
507,0.286370
507,0.286552
507,0.288362
507,0.292229
507,0.295208
507,0.296154
507,0.299039
507,0.299069
507,0.299268
507,0.300560
507,0.301527
507,0.302235
507,0.303016
507,0.303165
507,0.303345
507,0.303378
507,0.303634
507,0.303772
507,0.303817
507,0.311420
507,0.313609
507,0.314429
507,0.315463
507,0.315974
507,0.316384
507,0.317028
507,0.317631
507,0.319012
507,0.319290
507,0.320042
507,0.322821
507,0.323077
507,0.324526
507,0.327537
507,0.328469
507,0.328537
507,0.328827
507,0.329172
507,0.329181
507,0.329723
507,0.330328
507,0.330468
507,0.331322
507,0.331492
507,0.334473
507,0.334915
507,0.337717
507,0.337916
507,0.339063
507,0.341032
508,0.345662
508,0.349549
508,0.349630
508,0.351920
508,0.353162
508,0.354484
508,0.356405
508,0.357035
508,0.358885
508,0.359049
508,0.360460
508,0.360769
508,0.360776
508,0.361184
508,0.361740
508,0.363591
508,0.365312
508,0.366156
508,0.367750
508,0.368208
508,0.369391
508,0.369703
508,0.371047
508,0.371934
509,0.372825
509,0.372942
509,0.373415
509,0.373621
509,0.375387
509,0.376346
509,0.377115
509,0.377183
509,0.377426
509,0.377514
509,0.378648
509,0.379975
509,0.381627
509,0.382222
509,0.383576
509,0.384987
509,0.386876
509,0.387042
509,0.388550
509,0.389556
509,0.389666
509,0.390369
509,0.390648
509,0.391316
509,0.392081
509,0.392738
509,0.394357
509,0.397125
509,0.397200
509,0.397505
509,0.397595
509,0.399964
509,0.400473
509,0.401088
510,0.402362
510,0.402718
510,0.405344
510,0.405641
510,0.407085
510,0.408285
510,0.409526
510,0.409548
510,0.409996
510,0.410817
510,0.411433
510,0.411484
510,0.412472
510,0.414255
510,0.415221
510,0.415708
510,0.416480
510,0.416925
510,0.418418
510,0.418459
510,0.418923
510,0.419751
510,0.419796
510,0.420620
511,0.422506
511,0.422691
511,0.423206
511,0.423602
511,0.426262
511,0.426673
511,0.426841
511,0.426984
511,0.430911
511,0.431425
511,0.431497
512,0.432744
512,0.433642
512,0.436276
512,0.436799
512,0.436951
512,0.437028
512,0.438624
512,0.439907
513,0.442865
514,0.446083
514,0.446274
514,0.447432
516,0.447855
521,0.448976
521,0.449046
521,0.449069
523,0.449181
525,0.450017
525,0.450996
526,0.451260
526,0.451317
528,0.454109
529,0.455276
529,0.455519
530,0.457298
530,0.457305
532,0.459407
532,0.459419
532,0.459747
532,0.459861
533,0.460517
534,0.461258
536,0.462366
542,0.463935
545,0.464300
551,0.465917
553,0.467035
555,0.469491
555,0.469669
556,0.470728
558,0.472713
558,0.473167
558,0.473260
559,0.473438
559,0.473467
559,0.473898
560,0.474734
561,0.474983
578,0.477302
579,0.477777
580,0.478109
583,0.480864
585,0.482937
585,0.482960
589,0.487124
589,0.487606
589,0.487610
590,0.488140
590,0.488478
592,0.489786
594,0.490144
607,0.491182
607,0.491284
608,0.491714
609,0.491909
609,0.492445
609,0.492480
610,0.493314
610,0.494173
611,0.495673
612,0.498934
613,0.500017
613,0.500176
614,0.503422
614,0.504697
614,0.505664
614,0.506969
614,0.507166
615,0.507665
616,0.510387
616,0.511040
616,0.511456
616,0.518000
617,0.519618
618,0.521309
618,0.521390
618,0.521403
618,0.522982
618,0.523497
618,0.524992
618,0.525375
618,0.525852
618,0.526023
618,0.526335
618,0.527667
618,0.527737
618,0.528342
618,0.528383
618,0.529042
618,0.529241
619,0.530767
619,0.531120
619,0.531156
619,0.531578
620,0.534422
620,0.534960
620,0.536071
620,0.537147
620,0.539793
620,0.540200
621,0.541839
621,0.542857
621,0.545000
621,0.545155
621,0.546013
622,0.546758
622,0.549594
622,0.550755
623,0.552288
623,0.553606
627,0.556628
627,0.557017
629,0.557728
641,0.558656
644,0.559273
646,0.562236
646,0.562545
646,0.562685
646,0.562994
647,0.563377
648,0.568181
648,0.568233
649,0.568788
649,0.569143
649,0.570231
649,0.570345
650,0.571874
650,0.572024
650,0.572702
650,0.575364
650,0.575386
650,0.575735
651,0.576352
651,0.577073
651,0.577471
651,0.578895
651,0.581153
651,0.581183
651,0.581588
651,0.581950
651,0.582013
652,0.586171
653,0.588238
653,0.588847
653,0.588947
653,0.591562
653,0.591566
653,0.591607
653,0.592113
653,0.592289
653,0.593136
653,0.593315
653,0.593467
653,0.593649
653,0.596993
653,0.598072
653,0.598200
653,0.598901
654,0.599960
654,0.600697
654,0.600810
654,0.601482
655,0.603516
655,0.604253
655,0.605905
655,0.608722
655,0.609839
655,0.609967
655,0.610948
655,0.611538
656,0.613522
656,0.615600
656,0.615633
656,0.616376
657,0.617467
657,0.618020
657,0.619582
657,0.620381
657,0.621534
657,0.622665
657,0.622756
657,0.623936
658,0.624336
658,0.624491
658,0.624793
658,0.625981
658,0.626027
659,0.628485
659,0.628893
659,0.629298
659,0.629745
659,0.630201
659,0.630497
659,0.630653
660,0.632740
660,0.633233
660,0.633643
660,0.633676
660,0.634082
661,0.635228
661,0.635754
661,0.636189
661,0.636296
661,0.636465
661,0.636504
662,0.637711
663,0.639032
666,0.640749
684,0.641809
688,0.646576
688,0.647026
689,0.647957
689,0.648184
689,0.648260
689,0.649544
689,0.650188
689,0.651105
689,0.652166
690,0.653555
690,0.653872
690,0.654827
691,0.656298
692,0.660358
692,0.661965
692,0.662085
692,0.662238
692,0.663417
692,0.663858
692,0.665181
692,0.666485
694,0.668900
694,0.669530
694,0.672323
694,0.676936
694,0.677528
694,0.677634
694,0.677739
694,0.680327
694,0.680452
695,0.681677
695,0.683642
696,0.687277
696,0.688755
696,0.689118
696,0.689871
696,0.690716
697,0.692343
697,0.692662
697,0.692814
697,0.694286
697,0.696718
697,0.697739
697,0.699248
698,0.700012
698,0.701213
698,0.701543
699,0.703166
699,0.703468
699,0.704483
699,0.704541
699,0.706973
700,0.709408
700,0.710270
700,0.710330
701,0.711359
701,0.711918
701,0.712410
701,0.712437
701,0.712831
702,0.715544
704,0.717046
704,0.717695
704,0.718025
704,0.718415
708,0.719795
729,0.721096
731,0.722197
731,0.722301
732,0.723946
733,0.724311
733,0.724880
734,0.728763
735,0.729710
735,0.729869
735,0.731594
735,0.732166
736,0.735073
737,0.737829
737,0.738133
737,0.739077
737,0.739450
738,0.740908
738,0.741387
738,0.741459
738,0.743533
738,0.744523
738,0.744888
738,0.745730
738,0.746476
738,0.746512
739,0.746777
740,0.749286
740,0.752152
740,0.752501
740,0.754040
740,0.755654
741,0.757007
741,0.757798
742,0.759416
742,0.760377
742,0.760464
742,0.760739
742,0.761872
742,0.763068
742,0.763156
742,0.763501
743,0.766590
744,0.768491
744,0.768645
744,0.769366
744,0.769454
744,0.769953
744,0.770083
744,0.771057
744,0.771616
744,0.771647
745,0.774486
746,0.775789
746,0.778005
746,0.778080
746,0.778168
746,0.778584
746,0.779675
746,0.781324
746,0.781398
746,0.781807
748,0.784438
748,0.784737
748,0.785648
748,0.786207
748,0.786275
748,0.787035
748,0.787600
749,0.788645
750,0.790014
751,0.791095
751,0.791217
755,0.794459
779,0.795164
781,0.795335
783,0.796376
784,0.796885
784,0.797212
785,0.797519
785,0.798400
785,0.798632
787,0.799967
787,0.802504
788,0.804921
788,0.805945
789,0.806943
790,0.811481
790,0.812857
791,0.813621
791,0.814260
791,0.814765
791,0.816675
791,0.817279
791,0.817790
791,0.818744
793,0.820651
793,0.822483
793,0.823328
793,0.824110
793,0.824253
793,0.824834
794,0.831431
794,0.831574
794,0.831609
794,0.831667
794,0.832782
795,0.836002
796,0.837289
796,0.837982
796,0.840242
796,0.840834
796,0.841993
797,0.845895
797,0.846148
797,0.847408
797,0.847521
797,0.848153
798,0.848820
799,0.850660
799,0.851100
799,0.851119
799,0.852913
799,0.854992
799,0.855927
800,0.856595
800,0.857881
801,0.858452
802,0.859864
802,0.860833
802,0.860838
802,0.860887
802,0.861433
802,0.862010
802,0.863068
805,0.863908
805,0.864347
808,0.865952
808,0.865969
831,0.866395
834,0.866450
840,0.866852
842,0.867141
842,0.867615
845,0.868976
845,0.869343
847,0.870773
847,0.871631
847,0.873394
848,0.874310
848,0.874978
848,0.875677
848,0.875747
850,0.878312
850,0.879189
850,0.879196
850,0.879787
850,0.880139
850,0.880143
850,0.880241
850,0.880468
850,0.881430
850,0.881627
850,0.881717
850,0.882464
851,0.883753
851,0.883850
851,0.884256
852,0.885665
852,0.886069
853,0.887006
853,0.889222
853,0.889907
853,0.889916
853,0.890566
853,0.891361
853,0.892121
853,0.892286
853,0.892990
853,0.893768
853,0.894319
853,0.894399
853,0.895820
855,0.898013
855,0.898956
855,0.899117
855,0.899274
855,0.900868
856,0.901639
856,0.902190
856,0.902447
856,0.904687
857,0.908468
858,0.911034
858,0.911207
858,0.912133
860,0.916005
860,0.919192
861,0.919285
861,0.919931
861,0.921128
861,0.921634
861,0.921717
863,0.924825
864,0.927481
866,0.928454
869,0.931072
869,0.931107
869,0.931253
905,0.932376
912,0.933037
912,0.933224
914,0.933725
916,0.936223
919,0.938828
919,0.939597
919,0.940479
919,0.943166
919,0.943225
919,0.943368
920,0.943748
922,0.944013
922,0.944236
922,0.945017
922,0.946214
922,0.947128
922,0.948106
923,0.952535
923,0.953864
925,0.955309
925,0.958758
925,0.960274
926,0.963454
926,0.964237
926,0.966319
926,0.966777
926,0.967129
926,0.967363
926,0.967971
926,0.968292
926,0.968364
928,0.969807
928,0.970627
929,0.971496
929,0.971783
929,0.972719
929,0.972793
929,0.973220
929,0.973811
929,0.974244
929,0.975925
929,0.976608
929,0.977773
929,0.978038
929,0.979176
929,0.980230
929,0.980677
930,0.981252
932,0.984131
932,0.984366
932,0.984803
932,0.985101
932,0.985311
932,0.985532
932,0.988116
932,0.988145
933,0.989801
933,0.990631
935,0.991411
935,0.991977
935,0.992037
936,0.992888
936,0.994801
936,0.995279
936,0.995390
939,0.995782
985,0.998785
999,0.998978
6620,0.999776
93071023,1.000000
