319113.004493
3082.387564
468,0.000000
495,0.000708
496,0.000856
497,0.002280
497,0.002380
497,0.002654
497,0.002879
497,0.003268
497,0.004483
497,0.004810
497,0.005657
498,0.006337
498,0.007254
498,0.008438
498,0.008893
498,0.010862
499,0.011927
499,0.013549
499,0.014463
499,0.015069
499,0.016126
499,0.018094
499,0.019609
499,0.020193
499,0.021923
499,0.022036
499,0.022256
499,0.023109
499,0.023137
499,0.023738
499,0.023803
499,0.026847
500,0.030327
500,0.030884
500,0.030972
500,0.031193
500,0.033220
500,0.034574
500,0.036092
500,0.037187
500,0.038774
500,0.040013
500,0.040560
500,0.042145
500,0.042282
501,0.043530
501,0.043988
501,0.044007
501,0.044646
501,0.044903
501,0.045882
501,0.046517
501,0.046617
501,0.047158
501,0.047471
501,0.049359
501,0.050881
501,0.051927
501,0.055689
501,0.056916
501,0.057544
501,0.061312
501,0.062612
501,0.065840
501,0.068620
501,0.069377
501,0.070103
501,0.070979
501,0.072233
501,0.073533
501,0.074507
501,0.074825
501,0.075834
501,0.076047
501,0.076570
501,0.078022
501,0.078344
501,0.080687
501,0.081165
501,0.082252
501,0.082389
501,0.082471
501,0.083500
501,0.084237
501,0.085250
501,0.086249
501,0.091901
501,0.092973
501,0.093395
501,0.093795
502,0.099448
502,0.099787
502,0.100263
502,0.101032
502,0.101218
502,0.102335
502,0.103956
502,0.105651
502,0.108316
502,0.109183
502,0.109529
502,0.109600
502,0.110220
502,0.110326
502,0.111081
502,0.111927
502,0.112094
502,0.112831
503,0.114824
503,0.116240
503,0.118203
503,0.119558
503,0.120273
503,0.120363
503,0.120733
503,0.122048
503,0.123388
503,0.124383
503,0.126339
503,0.126701
503,0.126959
503,0.127497
503,0.128856
503,0.129090
503,0.130708
503,0.131087
503,0.131103
503,0.134105
503,0.134985
503,0.136701
503,0.137825
503,0.137837
503,0.138916
503,0.139666
503,0.139928
503,0.140412
503,0.140953
503,0.141537
503,0.141549
503,0.141676
503,0.142704
503,0.143474
503,0.143725
503,0.145004
503,0.145242
503,0.147624
503,0.147841
503,0.147960
503,0.148959
503,0.149369
503,0.149682
503,0.150430
503,0.151096
503,0.151194
503,0.151365
503,0.151494
503,0.153505
503,0.154354
503,0.154448
503,0.154783
503,0.157125
503,0.157968
503,0.162033
503,0.163070
503,0.163071
503,0.163368
503,0.163714
503,0.165349
503,0.165960
503,0.166864
503,0.168745
503,0.168890
503,0.169938
503,0.173439
503,0.173732
503,0.174492
503,0.175151
503,0.177954
503,0.178593
503,0.179166
503,0.179919
503,0.181442
503,0.183847
503,0.184954
503,0.186946
503,0.186996
503,0.188362
503,0.188564
503,0.188589
503,0.188738
503,0.189178
503,0.191420
503,0.192039
503,0.193102
503,0.197671
503,0.197705
503,0.198013
503,0.200092
503,0.200889
503,0.201300
503,0.201626
503,0.203037
503,0.204074
503,0.205586
503,0.205709
503,0.206093
503,0.206598
503,0.206732
503,0.207948
503,0.208461
503,0.209274
503,0.210023
503,0.211175
503,0.212548
503,0.214197
503,0.215946
503,0.216135
503,0.216542
503,0.216684
503,0.217927
503,0.220313
503,0.220603
503,0.221092
503,0.221235
503,0.221250
503,0.222196
503,0.222647
503,0.224143
504,0.229979
504,0.230053
504,0.230686
504,0.230721
504,0.233713
504,0.234056
504,0.234684
504,0.236545
504,0.236774
504,0.240759
504,0.241190
504,0.241961
504,0.242197
504,0.242958
504,0.243231
504,0.243381
504,0.243691
504,0.244576
504,0.245080
504,0.246251
504,0.246484
505,0.248783
505,0.248932
505,0.250801
505,0.251779
505,0.251969
505,0.254374
505,0.255189
505,0.257896
505,0.258965
505,0.259994
505,0.260084
505,0.260206
505,0.261619
505,0.262474
505,0.264487
505,0.265290
505,0.265299
505,0.265458
505,0.265882
505,0.266841
505,0.270143
505,0.270823
505,0.274773
505,0.274907
505,0.275693
505,0.277210
505,0.278890
505,0.281218
505,0.281701
505,0.283736
505,0.284539
505,0.284801
505,0.287408
505,0.287686
505,0.287714
505,0.288041
505,0.291596
505,0.293394
505,0.294501
505,0.295372
505,0.295432
505,0.296035
505,0.297697
505,0.297728
505,0.301383
505,0.301462
505,0.301743
505,0.301876
505,0.301961
505,0.302345
505,0.303076
505,0.304694
505,0.304909
505,0.306946
505,0.307146
505,0.308965
505,0.309195
505,0.309255
505,0.310235
505,0.310237
505,0.312831
505,0.313371
505,0.314471
505,0.314846
505,0.315545
505,0.315686
505,0.316540
505,0.317230
505,0.318170
505,0.318338
505,0.319494
505,0.320871
505,0.321119
505,0.321218
505,0.322985
505,0.323536
505,0.324460
505,0.325729
505,0.325730
505,0.327531
505,0.327986
505,0.331839
505,0.332138
505,0.332548
505,0.332913
505,0.335702
505,0.336959
505,0.337933
505,0.340702
505,0.340907
505,0.341988
505,0.342198
505,0.343210
505,0.343341
505,0.344058
505,0.345943
505,0.346225
505,0.346570
505,0.347281
505,0.347396
505,0.348877
505,0.349226
505,0.350150
505,0.351472
505,0.351773
505,0.352101
505,0.352342
505,0.353493
505,0.355483
505,0.355530
505,0.356899
505,0.360499
505,0.363290
505,0.363386
505,0.365423
505,0.367904
505,0.371018
505,0.371892
505,0.372312
505,0.372772
505,0.373097
505,0.375545
506,0.375760
506,0.376316
506,0.377023
506,0.377196
506,0.377310
506,0.378424
506,0.379714
506,0.381601
506,0.382156
506,0.383552
506,0.384494
506,0.385037
506,0.385587
506,0.385779
506,0.386108
506,0.387047
506,0.387326
506,0.389603
506,0.389791
506,0.390053
506,0.390106
506,0.391053
506,0.394760
506,0.396993
506,0.397856
506,0.399346
506,0.401155
506,0.402002
506,0.402328
506,0.404150
506,0.404527
506,0.404797
506,0.405182
506,0.406119
506,0.406832
506,0.408745
506,0.409134
506,0.409499
506,0.409823
506,0.410272
506,0.410557
506,0.411722
506,0.412430
506,0.412870
506,0.413435
506,0.413606
506,0.413897
506,0.414107
506,0.414832
506,0.414974
506,0.415426
507,0.416305
507,0.417737
507,0.418235
507,0.421449
507,0.430905
507,0.432818
507,0.433589
507,0.434430
507,0.436056
507,0.436288
507,0.438516
507,0.438825
507,0.441110
507,0.443768
507,0.444036
507,0.444318
507,0.444511
507,0.445311
507,0.445690
507,0.449882
507,0.452925
507,0.455347
507,0.455552
507,0.456010
507,0.456612
507,0.457341
507,0.458404
507,0.458760
507,0.459431
507,0.459523
507,0.460633
507,0.461405
507,0.461836
507,0.462581
507,0.462620
507,0.463182
507,0.463963
507,0.465543
507,0.467594
507,0.469232
507,0.471673
507,0.473343
507,0.474649
507,0.475157
507,0.475695
507,0.475876
507,0.476653
507,0.478121
507,0.481483
507,0.481860
507,0.482401
507,0.483339
507,0.484179
507,0.484427
507,0.484587
507,0.486303
507,0.487955
507,0.488876
507,0.490674
507,0.491755
507,0.492521
507,0.493427
507,0.493660
507,0.493760
507,0.494464
507,0.495136
507,0.495340
507,0.496422
507,0.496637
507,0.497463
507,0.498196
507,0.498399
507,0.500979
507,0.503580
507,0.503949
507,0.504723
507,0.506189
507,0.508219
507,0.509041
508,0.511762
508,0.511979
508,0.514829
508,0.515221
508,0.515606
508,0.516027
508,0.516116
508,0.518815
508,0.519490
508,0.521034
508,0.521059
508,0.522280
508,0.523345
508,0.523368
508,0.526616
508,0.526852
508,0.528867
508,0.529605
508,0.530331
508,0.531954
508,0.533061
508,0.533354
508,0.533664
508,0.533960
508,0.534007
508,0.534156
508,0.535209
508,0.535451
508,0.535764
508,0.536432
508,0.536456
508,0.537566
508,0.537919
508,0.538101
508,0.540142
508,0.541155
508,0.543030
508,0.544662
508,0.545711
508,0.546039
508,0.546427
508,0.546610
508,0.546823
508,0.547896
508,0.548675
508,0.549670
508,0.552939
508,0.553510
509,0.554240
509,0.554738
509,0.555644
509,0.556545
509,0.557664
509,0.560004
509,0.560918
509,0.562538
509,0.562812
509,0.563544
509,0.564106
509,0.564324
509,0.564942
509,0.565364
509,0.566725
509,0.566854
509,0.568386
509,0.569298
509,0.570293
509,0.570879
509,0.571119
509,0.571179
509,0.571182
509,0.571417
509,0.572115
509,0.574648
509,0.574861
509,0.575035
509,0.576784
509,0.577048
509,0.577295
509,0.577358
509,0.577981
509,0.578500
509,0.579801
509,0.580090
509,0.580129
509,0.580815
509,0.581089
509,0.581792
509,0.582040
509,0.582215
509,0.582789
509,0.584072
509,0.585186
509,0.586457
509,0.586562
509,0.586818
509,0.588510
509,0.588547
509,0.588859
509,0.589156
509,0.589578
509,0.590049
509,0.591668
509,0.592244
509,0.592900
509,0.593229
509,0.593354
509,0.593778
509,0.594465
509,0.596323
509,0.596845
509,0.596884
509,0.598178
509,0.598518
509,0.600347
509,0.601403
510,0.602828
510,0.604514
510,0.606631
510,0.607047
510,0.608300
510,0.609883
510,0.610843
510,0.611577
510,0.612497
510,0.613263
510,0.613600
510,0.614092
510,0.614806
510,0.615848
510,0.616671
510,0.616979
510,0.617133
510,0.618542
510,0.619424
510,0.619668
510,0.621165
510,0.622761
510,0.623172
510,0.624711
510,0.624804
510,0.626353
510,0.626695
510,0.626986
510,0.629404
510,0.629819
510,0.630666
510,0.631018
510,0.631797
511,0.635773
511,0.636021
511,0.638594
511,0.638842
511,0.642098
511,0.642825
511,0.644490
511,0.645390
511,0.645805
511,0.646224
511,0.646748
511,0.647289
511,0.649403
511,0.651347
511,0.651357
512,0.651840
512,0.652356
512,0.653381
512,0.653442
512,0.655004
512,0.656204
512,0.656255
512,0.658005
512,0.658041
512,0.658182
512,0.659058
512,0.660787
512,0.665288
512,0.665577
512,0.665598
512,0.666035
512,0.667295
513,0.670432
513,0.671162
513,0.671404
514,0.674584
514,0.677140
514,0.677740
514,0.677824
514,0.678119
514,0.679130
514,0.679136
516,0.680977
516,0.681276
516,0.681852
517,0.683260
518,0.684753
518,0.686061
519,0.688312
521,0.691711
521,0.692157
521,0.692193
521,0.692316
521,0.693832
521,0.694662
521,0.694681
522,0.695032
522,0.695475
522,0.695755
522,0.695839
522,0.696183
522,0.696223
523,0.696650
523,0.698080
523,0.698996
523,0.701400
524,0.701620
525,0.702867
525,0.704259
526,0.709011
527,0.711516
527,0.712867
527,0.714302
527,0.714552
527,0.715360
527,0.715400
528,0.716193
528,0.716342
528,0.716475
528,0.716656
529,0.719524
529,0.719898
529,0.723252
529,0.723326
530,0.724820
530,0.725122
530,0.725739
530,0.725805
530,0.726576
530,0.727531
531,0.728589
531,0.729332
532,0.731352
532,0.732429
532,0.732723
533,0.735611
534,0.737069
534,0.739505
535,0.740717
536,0.741188
536,0.742068
537,0.742959
538,0.743709
540,0.744496
545,0.746454
548,0.747718
550,0.749205
551,0.749778
551,0.749921
551,0.751139
552,0.752609
553,0.754195
553,0.756007
553,0.756567
554,0.757226
554,0.758279
555,0.759063
555,0.759315
555,0.759551
555,0.760334
555,0.760842
555,0.761304
555,0.761453
555,0.762269
555,0.762620
556,0.765946
557,0.766642
557,0.768774
558,0.770293
558,0.770307
559,0.773257
559,0.773543
560,0.775056
561,0.777911
561,0.778514
562,0.778976
562,0.779106
565,0.780624
566,0.781049
570,0.781643
571,0.781844
574,0.782273
576,0.783232
577,0.783939
577,0.783945
577,0.784112
578,0.784593
580,0.788499
583,0.792971
583,0.793518
583,0.794448
584,0.794914
585,0.797227
585,0.798108
587,0.803133
587,0.804161
588,0.804611
589,0.805686
589,0.806166
589,0.806461
589,0.807724
590,0.808909
591,0.809851
592,0.811860
592,0.812295
593,0.812387
608,0.815964
611,0.817333
612,0.818299
613,0.818833
614,0.820068
614,0.820720
616,0.821911
616,0.823124
616,0.823996
618,0.826276
618,0.826706
618,0.827274
619,0.828524
619,0.828740
620,0.829712
620,0.831334
622,0.834426
625,0.836183
626,0.836696
627,0.837025
648,0.840978
648,0.841147
650,0.843157
650,0.843336
651,0.843940
651,0.844512
654,0.849201
655,0.849934
655,0.851113
655,0.851824
656,0.853040
657,0.854280
657,0.854291
657,0.854727
658,0.854753
658,0.855374
658,0.855403
659,0.855928
661,0.857761
666,0.858987
677,0.859834
677,0.859867
684,0.860411
684,0.860419
688,0.861393
688,0.861518
691,0.863480
691,0.863642
692,0.864390
692,0.864859
693,0.865707
696,0.869830
696,0.869900
697,0.870952
700,0.873466
700,0.873628
719,0.876665
733,0.879297
733,0.879424
735,0.880348
735,0.880488
735,0.880499
735,0.881346
736,0.882368
736,0.882791
737,0.883847
738,0.885690
740,0.887052
740,0.887061
741,0.889182
741,0.889628
742,0.890229
742,0.890434
742,0.890920
742,0.891555
743,0.891715
743,0.892208
744,0.893370
744,0.893854
744,0.894008
745,0.894809
745,0.895124
746,0.895290
746,0.896454
748,0.897981
748,0.898424
748,0.899124
749,0.899482
750,0.900019
752,0.901063
753,0.901528
755,0.901608
785,0.904187
786,0.904875
787,0.905240
787,0.905803
788,0.906245
789,0.907366
790,0.908447
790,0.908756
793,0.912869
794,0.915234
794,0.915746
796,0.917404
796,0.918076
796,0.919102
796,0.919789
797,0.921182
799,0.922063
799,0.922462
799,0.922560
799,0.922654
799,0.923168
799,0.923944
800,0.924220
802,0.925527
802,0.925565
805,0.926834
805,0.927130
833,0.929131
839,0.929363
850,0.931014
853,0.932193
856,0.934587
901,0.939149
906,0.939309
909,0.939516
912,0.939838
919,0.944078
919,0.944282
919,0.944927
922,0.948259
922,0.948594
922,0.949843
922,0.951587
922,0.951742
922,0.951801
923,0.953178
923,0.953752
923,0.953978
923,0.954756
925,0.956672
925,0.957559
926,0.960410
926,0.960785
926,0.961759
926,0.962621
926,0.962645
926,0.964455
928,0.964930
928,0.965963
929,0.967628
929,0.968636
929,0.970481
929,0.970635
929,0.971351
929,0.971882
929,0.972981
932,0.975595
932,0.975983
932,0.976054
932,0.977635
932,0.977850
932,0.978270
932,0.978398
933,0.979689
935,0.980657
936,0.981528
936,0.981628
938,0.983674
938,0.983719
971,0.986823
980,0.987185
1137,0.988956
1168,0.989152
1381,0.990350
2191,0.991469
5587,0.993474
5738,0.993677
5926,0.993770
6829,0.994150
9408,0.995526
13107,0.996805
948466,0.998454
2010918,0.999950
13439089,1.000000
