108269.950012
9187.297734
492,0.000000
499,0.000822
500,0.002015
501,0.006140
501,0.006345
502,0.006844
502,0.007496
502,0.007786
503,0.009151
503,0.010036
503,0.010100
503,0.010342
503,0.014565
503,0.015121
503,0.015596
503,0.015800
503,0.017422
503,0.017947
503,0.018347
504,0.021314
504,0.021485
504,0.022195
504,0.022207
504,0.022310
505,0.023880
505,0.023950
505,0.024983
505,0.026041
505,0.027504
505,0.029026
505,0.029374
505,0.029482
505,0.029936
505,0.030643
505,0.030657
505,0.031176
505,0.031754
505,0.031800
505,0.038880
505,0.042054
505,0.042470
505,0.043224
506,0.044125
506,0.045166
506,0.046035
506,0.046199
506,0.046943
506,0.047261
506,0.047421
506,0.048584
506,0.051395
506,0.054858
506,0.055038
506,0.055479
506,0.056742
506,0.056784
507,0.058227
507,0.059791
507,0.060615
507,0.062201
507,0.062748
507,0.063532
507,0.063992
507,0.066871
507,0.067448
507,0.067884
507,0.070763
507,0.071825
507,0.073075
507,0.074649
507,0.075179
507,0.077021
507,0.077677
507,0.077831
507,0.077934
507,0.078940
507,0.079658
507,0.081214
507,0.082033
507,0.082172
507,0.083297
507,0.084757
507,0.085626
507,0.085800
508,0.091778
508,0.094409
508,0.095873
508,0.096285
508,0.096609
508,0.098951
508,0.100252
508,0.101637
508,0.102090
508,0.102560
508,0.103010
508,0.103795
508,0.104233
508,0.104312
508,0.108682
508,0.108910
508,0.115136
508,0.117022
508,0.117281
508,0.117417
508,0.118078
508,0.118355
508,0.118731
508,0.118841
508,0.122213
509,0.124491
509,0.126835
509,0.127191
509,0.127653
509,0.128443
509,0.129758
509,0.130308
509,0.132896
509,0.134409
509,0.135948
509,0.136398
509,0.137733
509,0.142477
509,0.142783
509,0.143559
509,0.143924
509,0.144380
509,0.145360
509,0.147524
509,0.147974
509,0.148128
509,0.149548
509,0.150276
509,0.150501
509,0.150856
509,0.152176
509,0.152576
509,0.152790
509,0.153088
509,0.154947
509,0.154989
509,0.156574
509,0.156970
509,0.157887
510,0.161062
510,0.161970
510,0.164466
510,0.164662
510,0.166264
510,0.167854
510,0.168196
510,0.169289
510,0.169372
510,0.170056
510,0.171585
510,0.172565
510,0.173035
510,0.174945
510,0.176900
510,0.178158
510,0.178237
510,0.178277
510,0.178403
510,0.183189
510,0.184890
510,0.186726
510,0.188082
510,0.188900
510,0.189926
510,0.190317
510,0.190592
510,0.190599
510,0.190826
510,0.191701
510,0.193470
510,0.194660
510,0.195502
510,0.195548
510,0.196248
510,0.196672
510,0.197084
510,0.198777
510,0.199008
510,0.199252
510,0.199253
510,0.201535
510,0.201808
510,0.202107
510,0.202120
510,0.202328
510,0.203703
510,0.203838
510,0.204193
510,0.204225
510,0.205070
510,0.205950
510,0.206949
510,0.209027
510,0.212678
510,0.213337
510,0.214618
511,0.216247
511,0.216399
511,0.216736
511,0.216979
511,0.217288
511,0.218799
511,0.220369
511,0.221478
511,0.225022
511,0.226839
511,0.227164
511,0.230154
511,0.230686
511,0.231032
511,0.231062
511,0.231842
511,0.231901
511,0.232962
511,0.232983
511,0.235460
511,0.235906
511,0.237330
511,0.237668
511,0.239061
511,0.240360
511,0.240457
511,0.242616
512,0.249964
512,0.251845
512,0.252198
512,0.254180
512,0.254401
512,0.255655
512,0.257465
512,0.260072
512,0.260688
512,0.260849
512,0.261345
512,0.261494
512,0.261733
512,0.262514
512,0.262681
512,0.262859
512,0.262991
512,0.263069
512,0.264595
512,0.266288
512,0.266769
512,0.267819
512,0.269395
512,0.269600
512,0.272786
512,0.276164
512,0.276804
512,0.276934
512,0.278468
512,0.280075
512,0.280566
512,0.282246
512,0.282616
512,0.282716
512,0.282804
512,0.283397
512,0.283442
512,0.286008
512,0.286851
512,0.288633
512,0.289012
512,0.290727
512,0.291879
512,0.291922
512,0.292403
512,0.293617
512,0.293697
512,0.294447
512,0.295324
512,0.295732
512,0.296007
512,0.296394
512,0.296451
512,0.296827
512,0.296847
512,0.297240
512,0.298731
512,0.299225
512,0.301590
512,0.302388
512,0.302445
512,0.302979
512,0.303074
512,0.303183
512,0.303472
512,0.303657
512,0.304736
512,0.305142
512,0.306928
512,0.307144
512,0.307384
512,0.307436
512,0.309671
512,0.310670
512,0.310849
512,0.312084
512,0.312907
512,0.313588
512,0.314280
512,0.315202
513,0.316133
513,0.316421
513,0.316488
513,0.317427
513,0.318694
513,0.319066
513,0.319657
513,0.320498
513,0.320609
513,0.322950
513,0.324316
513,0.324807
513,0.324930
513,0.325435
513,0.325580
513,0.325677
513,0.327391
513,0.327914
514,0.330922
514,0.331238
514,0.331497
514,0.331649
514,0.332228
514,0.332273
514,0.334873
514,0.334986
514,0.335485
514,0.335753
514,0.337008
514,0.340486
514,0.343060
514,0.344666
514,0.345806
514,0.351392
514,0.352731
514,0.352746
514,0.354050
514,0.354314
514,0.355494
514,0.356440
514,0.357141
514,0.359077
514,0.359916
514,0.360334
514,0.362030
514,0.362341
514,0.363865
514,0.364635
514,0.365312
514,0.367038
514,0.367135
514,0.367516
514,0.370146
514,0.371874
514,0.371987
514,0.372793
514,0.373339
514,0.374099
514,0.377565
514,0.379267
514,0.379888
514,0.380042
514,0.380967
514,0.381691
514,0.383615
514,0.384005
514,0.384458
514,0.385075
514,0.385606
514,0.386526
514,0.387075
514,0.388663
514,0.389645
514,0.391078
514,0.391687
515,0.392519
515,0.392627
515,0.393162
515,0.393178
515,0.393640
515,0.395738
515,0.398446
515,0.398504
515,0.399231
516,0.399583
516,0.400027
516,0.401573
516,0.404019
516,0.404986
516,0.410441
516,0.412342
516,0.414287
516,0.414899
516,0.418276
516,0.418295
516,0.420882
516,0.421977
516,0.425512
516,0.430759
517,0.432078
517,0.432724
517,0.433343
517,0.434601
517,0.434952
517,0.435024
517,0.435099
517,0.435378
517,0.437546
517,0.437622
517,0.437747
517,0.438881
518,0.441578
518,0.442349
518,0.442711
518,0.443784
518,0.444809
518,0.445746
518,0.445889
518,0.446268
518,0.446300
518,0.446743
518,0.447450
518,0.447645
518,0.449546
518,0.449664
518,0.449840
518,0.449914
518,0.450974
518,0.452848
518,0.454110
518,0.454647
518,0.455805
519,0.461254
519,0.462760
519,0.463735
519,0.464091
519,0.464255
519,0.465208
519,0.465359
520,0.467782
520,0.468299
520,0.469309
520,0.469468
520,0.471908
520,0.473196
520,0.473900
520,0.474023
521,0.478129
521,0.478623
521,0.480112
521,0.481613
521,0.481632
521,0.482853
521,0.483073
521,0.483626
521,0.485394
521,0.485522
521,0.485699
521,0.487658
521,0.487896
521,0.488063
521,0.488754
521,0.489143
521,0.489327
521,0.490193
521,0.490621
521,0.496115
521,0.496195
521,0.496197
521,0.497867
522,0.498443
522,0.498872
522,0.500691
522,0.501382
522,0.502207
522,0.503133
522,0.503178
522,0.504206
522,0.505478
522,0.505525
522,0.506317
523,0.506943
523,0.507332
523,0.508605
523,0.508778
523,0.509735
523,0.513583
523,0.514053
523,0.514154
523,0.515660
523,0.516032
523,0.516421
523,0.516939
523,0.518349
523,0.518445
523,0.519259
523,0.519585
523,0.519951
523,0.520188
523,0.520635
523,0.521454
523,0.521521
523,0.522200
523,0.523771
523,0.527765
523,0.527983
523,0.529059
523,0.529191
523,0.530190
523,0.531932
523,0.533938
523,0.536105
523,0.537162
523,0.537186
523,0.537757
523,0.542449
523,0.543344
523,0.543430
523,0.543950
523,0.544860
523,0.545358
524,0.547789
524,0.547894
524,0.548678
524,0.549244
524,0.552157
524,0.552234
524,0.553543
524,0.553938
525,0.555142
525,0.555539
525,0.555985
525,0.556153
525,0.557403
525,0.557427
525,0.565787
525,0.566733
525,0.569665
525,0.569720
525,0.571175
525,0.571353
525,0.571697
525,0.572545
525,0.573795
525,0.574755
525,0.575275
525,0.575371
525,0.575512
525,0.575634
525,0.576177
525,0.576185
525,0.576644
525,0.576997
525,0.577385
525,0.577430
525,0.578936
525,0.580246
525,0.583413
525,0.587363
525,0.587452
525,0.587589
525,0.588149
525,0.589265
525,0.590872
525,0.593607
525,0.595089
525,0.595212
525,0.595341
525,0.595391
525,0.596147
525,0.596295
525,0.597289
525,0.599072
525,0.600001
525,0.601625
525,0.602611
525,0.603899
525,0.604381
525,0.604632
525,0.605058
525,0.605479
526,0.607978
526,0.608712
526,0.609704
526,0.609764
526,0.609955
526,0.610865
526,0.611590
526,0.612053
526,0.613328
526,0.613690
526,0.614427
526,0.614806
526,0.615793
526,0.616163
526,0.616850
526,0.617021
526,0.617109
526,0.617415
526,0.617584
526,0.617766
526,0.618392
526,0.619316
526,0.619653
526,0.621356
527,0.622698
527,0.624122
527,0.624478
527,0.625100
527,0.627088
527,0.627461
527,0.627687
527,0.632100
527,0.632564
527,0.634020
527,0.636698
527,0.637217
527,0.637329
527,0.639726
527,0.641559
527,0.642535
527,0.642783
527,0.645211
527,0.645360
527,0.645537
527,0.645920
527,0.646262
527,0.646414
527,0.648045
527,0.648246
527,0.648565
527,0.648829
527,0.649660
527,0.649754
527,0.649791
527,0.650111
527,0.651198
527,0.652238
527,0.652249
527,0.652659
527,0.653199
527,0.653802
527,0.654105
527,0.654778
527,0.655112
527,0.655941
527,0.657239
527,0.659122
527,0.660312
527,0.660431
527,0.661690
527,0.662480
527,0.664038
528,0.666444
528,0.667878
528,0.669832
528,0.671046
528,0.671332
528,0.671398
528,0.674252
528,0.674571
528,0.674686
528,0.675519
528,0.675613
528,0.676588
528,0.677678
528,0.678174
528,0.680119
528,0.681134
528,0.681504
528,0.683513
528,0.684321
528,0.684874
528,0.687022
529,0.687193
529,0.688693
529,0.689256
529,0.690269
529,0.692425
529,0.692854
529,0.692970
529,0.693202
529,0.693528
529,0.693952
529,0.695531
529,0.697102
529,0.697286
529,0.701451
529,0.704169
529,0.705643
529,0.707412
529,0.708474
529,0.708831
529,0.708915
529,0.711526
529,0.711700
529,0.712012
529,0.713187
529,0.714941
530,0.716305
530,0.716798
530,0.716925
530,0.717476
530,0.717871
530,0.720072
530,0.721535
530,0.723912
530,0.725422
530,0.725979
530,0.726362
530,0.726403
530,0.726533
530,0.727168
530,0.728892
530,0.728915
530,0.729316
530,0.730018
530,0.732419
530,0.732499
530,0.732676
530,0.733243
530,0.735528
530,0.735797
531,0.736403
531,0.736599
531,0.737310
531,0.737892
531,0.737991
531,0.740077
531,0.740962
531,0.743902
531,0.744648
531,0.745158
531,0.745762
531,0.747347
531,0.747401
531,0.748318
531,0.748355
532,0.749260
532,0.750041
532,0.751474
532,0.751778
532,0.751971
532,0.752866
532,0.754351
532,0.754813
532,0.755751
532,0.758008
532,0.758419
532,0.758655
532,0.761543
532,0.761732
532,0.763492
533,0.765315
533,0.765747
533,0.767427
533,0.767953
534,0.768660
534,0.769079
534,0.769377
534,0.769577
534,0.771495
534,0.772718
534,0.773740
534,0.773999
534,0.774011
534,0.777697
535,0.779108
536,0.780472
536,0.782984
536,0.783154
536,0.783421
538,0.787791
538,0.788999
538,0.789408
538,0.789770
538,0.790385
539,0.791810
539,0.792324
539,0.792701
540,0.793373
540,0.794095
540,0.794124
540,0.794516
542,0.799172
542,0.799648
543,0.800188
543,0.801705
544,0.803541
545,0.804912
545,0.806685
545,0.807283
547,0.809271
547,0.809446
547,0.809670
548,0.810796
548,0.810931
548,0.811037
550,0.813716
550,0.813796
550,0.814669
551,0.815385
556,0.821631
556,0.821899
556,0.822644
557,0.822976
559,0.824916
561,0.826788
561,0.826936
563,0.828183
564,0.829359
565,0.829969
565,0.830041
565,0.830149
565,0.830346
567,0.832233
570,0.833669
571,0.834303
572,0.834953
573,0.835121
574,0.835781
578,0.837762
578,0.838261
578,0.838406
580,0.838963
580,0.839283
580,0.839574
583,0.840755
583,0.841251
587,0.842764
589,0.843629
590,0.844074
592,0.845249
593,0.845422
594,0.845785
596,0.846792
596,0.846882
598,0.847800
599,0.848049
600,0.848111
601,0.848511
602,0.848734
605,0.849641
607,0.850411
611,0.851766
611,0.851888
616,0.853372
618,0.854063
619,0.854185
622,0.855098
622,0.855262
624,0.855957
627,0.857155
630,0.857926
636,0.859374
641,0.860365
643,0.860970
670,0.865738
673,0.866056
681,0.867019
682,0.867120
700,0.869165
702,0.869364
702,0.869500
712,0.870686
720,0.871484
722,0.871688
722,0.871716
743,0.874035
749,0.874797
757,0.875977
764,0.876895
778,0.879190
780,0.879626
784,0.880150
784,0.880169
787,0.880649
793,0.881885
802,0.883955
806,0.884781
811,0.886093
832,0.890182
836,0.890894
839,0.891439
842,0.891883
855,0.894101
864,0.895741
871,0.896726
875,0.897321
877,0.897618
895,0.899917
901,0.900667
915,0.902216
926,0.903651
932,0.904364
932,0.904413
944,0.906585
948,0.907135
952,0.907571
952,0.907580
960,0.908445
966,0.909139
977,0.910223
1004,0.912431
1006,0.912561
1008,0.912695
1010,0.912907
1024,0.913859
1028,0.914090
1049,0.915661
1055,0.916121
1086,0.919505
1088,0.919821
1097,0.920982
1110,0.922702
1121,0.924084
1125,0.924780
1132,0.925708
1135,0.926147
1137,0.926502
1153,0.928700
1159,0.929458
1170,0.930987
1177,0.931806
1179,0.932103
1192,0.933533
1197,0.934103
1207,0.935060
1250,0.938731
1255,0.939108
1257,0.939239
1263,0.939672
1272,0.940241
1280,0.940787
1292,0.941531
1328,0.943898
1334,0.944255
1394,0.947115
1434,0.948449
1470,0.949560
1482,0.949902
1483,0.949914
1490,0.950091
1497,0.950259
1504,0.950427
1507,0.950503
1529,0.950984
1784,0.955062
1815,0.955609
1823,0.955728
1916,0.957105
2119,0.958583
2155,0.958734
2238,0.959041
3365,0.960177
3953,0.961772
4221,0.962829
4510,0.963867
4683,0.964363
5582,0.965849
5832,0.966152
6465,0.967232
6611,0.968052
6662,0.968439
6784,0.969480
6871,0.970241
6990,0.971337
7138,0.972693
7192,0.973182
7225,0.973460
7296,0.974073
7371,0.974646
7792,0.977102
8019,0.977879
8322,0.979451
8457,0.980426
8492,0.980678
8880,0.982845
8906,0.982940
9106,0.983557
9611,0.984930
9757,0.985336
10346,0.986476
10935,0.987246
12807,0.988203
12915,0.988252
15352,0.988909
816871,0.992609
835178,0.993922
852817,0.994955
908063,0.997092
933821,0.997814
938689,0.997938
1002817,0.999079
7570274,1.000000
