798941.061033
1200.199115
354,0.000000
365,0.000725
365,0.000860
366,0.001180
366,0.001568
367,0.004114
367,0.004596
368,0.006436
368,0.007397
368,0.007838
369,0.011062
370,0.012507
370,0.013916
370,0.014106
370,0.014605
370,0.015189
371,0.015441
371,0.015691
371,0.016387
371,0.017201
372,0.017850
373,0.019004
373,0.019629
373,0.020034
373,0.020666
374,0.021834
375,0.024186
375,0.024595
375,0.025944
375,0.026641
375,0.027931
376,0.029884
376,0.029987
376,0.031289
377,0.034960
377,0.036356
378,0.040504
378,0.041222
378,0.041404
378,0.042968
379,0.044777
379,0.045367
380,0.045739
380,0.046279
380,0.047127
382,0.048234
382,0.048612
382,0.048735
382,0.048786
383,0.050077
384,0.050479
385,0.051462
385,0.051735
385,0.052034
386,0.053248
401,0.057161
408,0.057892
409,0.057954
411,0.058158
414,0.058572
416,0.058866
434,0.060252
444,0.060686
494,0.064176
496,0.064715
497,0.065071
498,0.066504
498,0.067153
498,0.067498
499,0.069016
499,0.070603
499,0.072220
499,0.072423
499,0.072992
499,0.073170
499,0.073422
500,0.074446
500,0.077343
501,0.080668
501,0.081019
501,0.082150
501,0.082507
501,0.083303
501,0.083649
501,0.083874
501,0.084294
501,0.084863
501,0.085198
501,0.086292
501,0.086730
501,0.087105
501,0.087893
501,0.088390
501,0.088443
501,0.091190
501,0.091599
501,0.092297
501,0.092970
501,0.093533
501,0.093910
501,0.095865
501,0.097403
501,0.097525
501,0.098166
502,0.099008
502,0.099614
502,0.102073
502,0.103034
502,0.104325
503,0.105529
503,0.107553
503,0.108347
503,0.108540
503,0.108676
503,0.111508
503,0.111536
503,0.114440
503,0.114825
503,0.114862
503,0.121994
503,0.124416
503,0.124818
503,0.125809
503,0.126445
503,0.126826
503,0.127874
503,0.129070
503,0.129461
503,0.130629
503,0.130795
503,0.130803
503,0.131773
503,0.133011
503,0.133547
503,0.136573
503,0.136834
503,0.139671
503,0.139902
503,0.139935
503,0.139977
503,0.140100
503,0.141065
503,0.142207
503,0.142616
503,0.146429
503,0.147346
503,0.148008
503,0.148350
503,0.149387
503,0.150301
503,0.151130
503,0.151530
503,0.151651
504,0.152657
504,0.152677
504,0.153629
504,0.155654
504,0.157300
504,0.157691
504,0.160965
504,0.161083
504,0.163690
505,0.165794
505,0.165970
505,0.167995
505,0.168358
505,0.169439
505,0.169532
505,0.169853
505,0.169943
505,0.173518
505,0.173982
505,0.174548
505,0.176163
505,0.177743
505,0.180111
505,0.181853
505,0.183955
505,0.185638
505,0.185891
505,0.186169
505,0.186500
505,0.186643
505,0.187793
505,0.188589
505,0.188874
505,0.189807
505,0.190003
505,0.192388
505,0.193178
505,0.193874
505,0.194256
505,0.194880
505,0.195965
505,0.199599
505,0.200302
505,0.200505
505,0.201017
505,0.201197
505,0.201614
505,0.204109
505,0.207000
505,0.207337
505,0.210357
505,0.214382
505,0.214829
505,0.216178
505,0.216300
505,0.217152
505,0.217984
505,0.218137
505,0.218248
505,0.220347
505,0.220504
505,0.222549
505,0.222978
505,0.224454
505,0.226070
505,0.226878
505,0.227292
505,0.227606
505,0.228356
505,0.228360
505,0.229711
505,0.229961
506,0.231006
506,0.232056
506,0.232197
506,0.235291
506,0.237489
506,0.237677
506,0.243363
506,0.244024
506,0.247133
506,0.248564
506,0.248943
506,0.250143
506,0.250585
506,0.250866
506,0.250903
506,0.252757
506,0.256651
507,0.260072
507,0.261525
507,0.261573
507,0.267046
507,0.267564
507,0.268080
507,0.268286
507,0.269593
507,0.270170
507,0.270536
507,0.270641
507,0.272269
507,0.273898
507,0.274497
507,0.274653
507,0.275138
507,0.275306
507,0.275953
507,0.276130
507,0.277131
507,0.277683
507,0.277863
507,0.277917
507,0.282664
507,0.286440
507,0.286706
507,0.288093
507,0.288108
507,0.288358
507,0.291616
507,0.291698
507,0.295174
507,0.296551
507,0.296927
507,0.297121
507,0.297386
507,0.297777
507,0.298382
507,0.298847
507,0.300982
507,0.301373
507,0.302340
507,0.302377
507,0.303130
507,0.303286
507,0.303726
507,0.304286
507,0.306373
507,0.306751
507,0.307099
507,0.308511
507,0.309026
507,0.310124
507,0.310558
507,0.311647
507,0.312041
507,0.312127
507,0.313545
507,0.313717
507,0.318350
507,0.318698
507,0.320414
507,0.320608
507,0.321148
508,0.321448
508,0.321866
508,0.322429
508,0.322496
508,0.322753
508,0.323472
508,0.323726
508,0.325832
508,0.326700
508,0.327277
508,0.329412
508,0.331899
508,0.334719
508,0.334766
508,0.335042
508,0.335819
508,0.337312
508,0.337597
508,0.338507
508,0.340483
508,0.341408
508,0.342882
508,0.346669
508,0.348973
508,0.349821
508,0.350508
508,0.350678
508,0.351210
508,0.351828
508,0.353834
508,0.358970
508,0.359176
508,0.359935
508,0.360176
508,0.360452
508,0.360716
508,0.362302
508,0.362617
508,0.362740
508,0.362961
508,0.363082
508,0.363279
508,0.363784
508,0.363977
509,0.365882
509,0.366047
509,0.367259
509,0.367302
509,0.368040
509,0.369892
509,0.370730
509,0.373844
509,0.375366
509,0.375374
509,0.375740
509,0.377779
509,0.378050
509,0.378122
509,0.379312
509,0.379491
509,0.381771
509,0.383283
509,0.384934
509,0.386350
509,0.387719
509,0.388066
509,0.388813
509,0.390998
509,0.391180
509,0.394507
509,0.394528
509,0.397013
509,0.398071
509,0.398546
509,0.401515
509,0.401837
509,0.403512
509,0.404238
509,0.406397
509,0.406895
509,0.407134
509,0.407824
509,0.408204
510,0.411626
510,0.412282
510,0.412754
510,0.412987
510,0.415826
510,0.416684
510,0.416708
510,0.416898
510,0.417615
510,0.418184
510,0.419201
510,0.419430
510,0.423560
510,0.423891
510,0.424494
510,0.425831
510,0.426171
510,0.427745
510,0.430569
510,0.430650
510,0.430784
510,0.432155
510,0.435986
510,0.436483
510,0.436828
510,0.437408
510,0.437843
510,0.438007
510,0.438506
510,0.439635
510,0.441102
510,0.442745
510,0.442753
510,0.443475
510,0.445039
510,0.445040
510,0.446050
510,0.446431
510,0.447158
510,0.447426
510,0.448358
510,0.449090
510,0.450898
510,0.450947
510,0.451796
510,0.451823
510,0.456379
510,0.456962
510,0.459928
510,0.460773
511,0.462686
511,0.463418
511,0.464070
511,0.464407
511,0.464755
511,0.465063
511,0.465770
511,0.467259
511,0.469491
511,0.469708
511,0.469835
511,0.471033
511,0.471050
511,0.471443
511,0.472124
511,0.476680
511,0.476818
511,0.476857
511,0.478841
511,0.478934
511,0.480492
511,0.481549
511,0.481831
511,0.484064
511,0.486013
512,0.488661
512,0.488935
512,0.489578
512,0.492115
512,0.494635
512,0.495992
512,0.496848
512,0.497380
512,0.498395
512,0.499186
512,0.500692
512,0.500726
512,0.501557
512,0.501857
512,0.502660
512,0.502741
512,0.503273
512,0.503969
512,0.504089
512,0.507958
512,0.508534
512,0.509642
512,0.510532
512,0.510997
512,0.512677
512,0.513152
512,0.514967
512,0.515318
512,0.515397
512,0.515444
512,0.515587
512,0.516119
512,0.518306
512,0.518870
512,0.520273
512,0.523377
512,0.523601
512,0.523894
512,0.525026
512,0.525285
512,0.526275
512,0.529081
512,0.530898
512,0.530937
512,0.531552
512,0.531776
512,0.532126
512,0.532338
512,0.532843
512,0.532906
512,0.533064
512,0.534221
513,0.535727
513,0.540541
513,0.541564
513,0.542468
513,0.544198
514,0.545359
514,0.546901
514,0.547436
514,0.547732
514,0.549008
514,0.549595
514,0.550294
514,0.551864
514,0.551975
514,0.553510
514,0.553541
514,0.553887
514,0.555088
514,0.556057
514,0.556674
514,0.556739
514,0.557470
514,0.559614
514,0.560872
514,0.561684
514,0.562168
514,0.562400
514,0.563064
514,0.564080
514,0.564466
514,0.565811
514,0.567523
514,0.568234
514,0.570090
514,0.571427
514,0.572119
514,0.572793
514,0.574818
514,0.575669
514,0.577568
515,0.578780
515,0.579066
515,0.579905
516,0.580889
516,0.580953
516,0.581033
516,0.582288
516,0.583231
516,0.583387
516,0.584362
516,0.585209
516,0.585795
516,0.586520
516,0.587907
516,0.591239
516,0.591419
516,0.591830
516,0.592578
516,0.593481
516,0.593488
516,0.593524
516,0.594160
517,0.595525
518,0.597553
518,0.598014
518,0.598411
518,0.600107
518,0.600432
518,0.600514
518,0.600704
519,0.601325
520,0.602400
521,0.603526
523,0.604121
523,0.604953
524,0.605104
524,0.605152
525,0.605617
527,0.608492
527,0.609021
527,0.609307
527,0.609791
527,0.610771
527,0.611477
527,0.611486
528,0.611834
528,0.613646
528,0.613743
528,0.613804
529,0.614310
529,0.615208
529,0.615907
529,0.616436
529,0.616487
530,0.619663
531,0.624336
531,0.624596
531,0.624770
532,0.627901
532,0.629217
532,0.630499
532,0.630707
533,0.631309
533,0.632164
533,0.632165
533,0.632887
534,0.633189
534,0.634000
534,0.634332
534,0.635173
534,0.636034
534,0.636927
534,0.637272
534,0.637449
534,0.638500
536,0.641467
536,0.641891
536,0.643923
538,0.646504
538,0.646534
538,0.647871
539,0.648869
539,0.649631
543,0.652035
543,0.652458
549,0.654395
550,0.655253
550,0.655361
552,0.657727
553,0.658354
553,0.659904
553,0.660270
554,0.662020
554,0.662422
555,0.662537
555,0.664491
555,0.664640
555,0.664802
555,0.665391
555,0.666134
555,0.666434
556,0.667236
556,0.667345
556,0.667656
558,0.673903
558,0.674508
558,0.675043
558,0.675226
558,0.675975
559,0.677549
559,0.677840
559,0.678062
559,0.678489
559,0.679319
559,0.679518
560,0.681205
560,0.682104
560,0.682128
560,0.682851
560,0.683290
561,0.684124
561,0.684638
561,0.684919
561,0.685035
561,0.685213
561,0.685452
561,0.685797
562,0.687896
562,0.688957
563,0.689891
563,0.689932
563,0.690159
564,0.693887
565,0.695185
565,0.695331
569,0.697782
570,0.697972
571,0.698242
576,0.698879
576,0.698982
576,0.699095
577,0.699177
578,0.700132
579,0.700782
580,0.701730
581,0.702624
581,0.703289
582,0.705111
583,0.707049
583,0.707666
583,0.708176
585,0.711968
585,0.713434
586,0.713813
587,0.716494
587,0.717407
587,0.718956
589,0.722723
590,0.725752
590,0.726607
591,0.727615
591,0.728369
592,0.731554
592,0.731915
592,0.731924
592,0.732268
593,0.733719
593,0.733795
594,0.735098
594,0.735813
594,0.735992
594,0.736145
594,0.736424
595,0.736872
596,0.737913
597,0.739487
598,0.740179
610,0.741903
610,0.742178
612,0.743479
612,0.743717
614,0.745809
614,0.746463
616,0.749252
616,0.750466
616,0.750653
618,0.752244
618,0.755778
619,0.755848
619,0.756096
619,0.757618
620,0.759241
620,0.760044
620,0.761395
620,0.761443
620,0.761731
621,0.762634
621,0.765198
622,0.766077
622,0.766895
622,0.767868
623,0.769017
623,0.770088
623,0.770827
623,0.771821
623,0.771833
624,0.772253
624,0.773641
624,0.773665
626,0.776628
627,0.777184
627,0.777709
627,0.777940
627,0.778409
629,0.779858
629,0.779991
629,0.780141
629,0.780207
630,0.780281
630,0.780311
634,0.781757
635,0.781940
641,0.782213
646,0.783011
648,0.784187
649,0.784823
649,0.784907
650,0.785689
650,0.785741
650,0.785818
650,0.785875
650,0.786372
652,0.789316
653,0.790455
653,0.790529
653,0.791969
654,0.794243
655,0.796146
655,0.796455
655,0.796732
655,0.798394
655,0.798494
655,0.798595
655,0.798603
656,0.799513
657,0.802075
657,0.804348
658,0.805423
658,0.806190
658,0.806191
658,0.806229
658,0.806518
659,0.807457
659,0.808496
659,0.808748
659,0.808952
659,0.809100
660,0.810749
660,0.810843
660,0.811505
661,0.812338
661,0.812467
661,0.813939
664,0.817929
665,0.818943
666,0.820126
668,0.820740
668,0.821086
686,0.822547
689,0.823673
689,0.824384
691,0.825385
691,0.826062
691,0.826302
691,0.826434
692,0.827916
692,0.828824
694,0.829839
694,0.831920
694,0.832423
695,0.833941
695,0.834366
695,0.834986
696,0.835643
696,0.837117
697,0.839563
697,0.840720
697,0.840946
697,0.841206
699,0.842669
699,0.843687
700,0.847029
700,0.847046
700,0.847127
700,0.847578
702,0.850348
702,0.851913
702,0.852518
702,0.853023
702,0.853148
704,0.854781
704,0.855646
704,0.855684
705,0.856496
707,0.858456
707,0.858478
708,0.858534
708,0.858576
710,0.859475
733,0.861175
733,0.861588
734,0.862518
735,0.863065
735,0.863264
736,0.864095
737,0.865355
738,0.866232
738,0.866804
738,0.867286
740,0.868928
740,0.869044
740,0.869197
740,0.870070
740,0.870261
742,0.873434
742,0.873646
743,0.876643
743,0.876709
744,0.877262
744,0.878133
744,0.878864
744,0.878932
745,0.879311
746,0.880449
746,0.880993
750,0.889017
752,0.891772
753,0.892899
753,0.893031
753,0.893948
753,0.893996
755,0.895463
760,0.896541
762,0.896722
782,0.897153
787,0.898278
788,0.899071
790,0.901055
791,0.903495
792,0.903893
793,0.904375
793,0.905227
793,0.905237
793,0.905341
793,0.906495
794,0.907609
794,0.908946
795,0.909254
796,0.910164
797,0.913767
797,0.913850
797,0.914093
799,0.916255
799,0.916835
799,0.917058
799,0.917276
799,0.919695
802,0.922796
802,0.924966
805,0.926306
805,0.927216
805,0.927855
805,0.928065
808,0.929314
845,0.932582
851,0.936883
852,0.937333
853,0.939209
853,0.939502
855,0.942421
856,0.942793
856,0.943206
856,0.944891
856,0.945177
858,0.946114
859,0.949020
860,0.949903
860,0.950083
860,0.950546
860,0.950718
860,0.950871
861,0.951995
861,0.952020
863,0.954015
863,0.954256
864,0.956682
864,0.956744
864,0.956907
866,0.958725
866,0.958838
867,0.960178
868,0.961083
869,0.961874
874,0.963623
874,0.963938
918,0.965956
919,0.966155
919,0.966368
919,0.966618
922,0.969288
922,0.970120
925,0.971999
925,0.972279
925,0.972279
925,0.972817
925,0.973352
925,0.973559
926,0.973934
926,0.974964
926,0.975089
926,0.975465
926,0.976716
929,0.978458
929,0.979235
929,0.979785
930,0.982972
932,0.983574
932,0.983616
932,0.984873
932,0.985277
932,0.986968
933,0.987753
936,0.990675
938,0.993307
939,0.993537
939,0.993834
939,0.993875
939,0.994727
939,0.995369
942,0.996214
942,0.997131
945,0.997997
946,0.998271
979,0.999269
3297,0.999834
252875607,1.000000
