70518.383923
14128.453967
492,0.000000
499,0.001403
499,0.001906
499,0.001951
501,0.004949
501,0.006284
501,0.007023
501,0.007026
502,0.010790
503,0.012644
503,0.014159
503,0.016177
503,0.016306
503,0.017835
503,0.018597
503,0.019685
503,0.020058
503,0.020528
503,0.021212
503,0.021830
503,0.022343
503,0.022913
503,0.023249
503,0.023459
503,0.024462
503,0.024942
503,0.025084
503,0.025969
503,0.026494
504,0.026704
504,0.029681
504,0.030424
504,0.030858
505,0.032229
505,0.032374
505,0.032666
505,0.033265
505,0.033745
505,0.035953
505,0.036154
505,0.037181
505,0.041713
505,0.043184
505,0.044362
505,0.044449
505,0.044508
505,0.046442
505,0.046487
505,0.047061
505,0.047563
505,0.048348
505,0.049605
505,0.056247
505,0.057650
506,0.059095
506,0.060327
506,0.060371
506,0.060721
506,0.062011
506,0.062217
506,0.062297
506,0.062518
506,0.062805
506,0.062943
506,0.064254
506,0.064399
506,0.064722
506,0.065772
506,0.067147
506,0.067181
506,0.069778
506,0.070965
506,0.072318
507,0.074427
507,0.075159
507,0.075712
507,0.076338
507,0.080317
507,0.081608
507,0.082854
507,0.082906
507,0.083637
507,0.085431
507,0.085668
507,0.086702
507,0.089737
507,0.091157
507,0.092882
507,0.094619
507,0.095461
507,0.097768
507,0.097918
507,0.098468
507,0.098639
507,0.099417
507,0.100376
507,0.101394
507,0.102065
507,0.107300
507,0.107427
507,0.109488
507,0.109807
507,0.110255
507,0.111361
508,0.112802
508,0.113115
508,0.114177
508,0.115450
508,0.118245
508,0.120017
508,0.120161
508,0.121990
508,0.122262
508,0.124848
508,0.126465
508,0.126858
508,0.127407
508,0.128547
508,0.129132
508,0.129824
508,0.130274
508,0.131052
508,0.131188
508,0.131515
508,0.132126
508,0.132327
508,0.134339
508,0.134789
508,0.134831
508,0.135747
508,0.136118
508,0.136347
508,0.137946
508,0.138080
508,0.139559
508,0.140870
508,0.143588
508,0.143857
508,0.144590
508,0.144617
508,0.148735
508,0.149092
509,0.151212
509,0.151665
509,0.151856
509,0.151864
509,0.152701
509,0.152940
509,0.153219
509,0.153355
509,0.153624
509,0.154046
509,0.154431
509,0.155884
509,0.156277
509,0.156425
509,0.156448
509,0.157791
509,0.158166
509,0.159683
509,0.160034
509,0.160772
509,0.161212
509,0.162494
509,0.163382
509,0.163631
509,0.163707
509,0.163881
509,0.164447
509,0.165360
509,0.165841
509,0.168601
509,0.168817
509,0.168881
509,0.170341
509,0.170640
509,0.175265
509,0.176451
509,0.177360
509,0.177417
509,0.177483
509,0.178500
509,0.179611
509,0.182452
509,0.183657
509,0.185607
509,0.188036
509,0.189979
509,0.190987
510,0.194965
510,0.194989
510,0.195790
510,0.196061
510,0.197647
510,0.197795
510,0.197925
510,0.198000
510,0.198002
510,0.198139
510,0.199216
510,0.199793
510,0.201053
510,0.205120
510,0.205757
510,0.206836
510,0.207206
510,0.208256
510,0.208850
510,0.209192
510,0.209237
510,0.209622
510,0.210730
510,0.213735
510,0.213880
510,0.214140
510,0.215930
510,0.219780
510,0.221647
510,0.223954
510,0.224063
510,0.225411
510,0.227113
510,0.229986
510,0.230311
510,0.231066
510,0.231181
510,0.233726
510,0.234669
510,0.235403
510,0.235705
510,0.235749
510,0.236508
510,0.237361
510,0.239440
510,0.239626
510,0.239800
510,0.240812
510,0.241954
510,0.242292
510,0.243930
510,0.244238
510,0.245993
510,0.247965
510,0.248002
510,0.248638
510,0.248770
510,0.249545
510,0.251099
510,0.251128
510,0.252517
510,0.252562
510,0.252571
510,0.254462
510,0.254790
510,0.254868
510,0.255435
510,0.255630
510,0.258254
510,0.258274
510,0.258472
511,0.261879
511,0.262351
511,0.266056
511,0.266330
511,0.270135
511,0.274608
511,0.274647
511,0.275146
511,0.277297
511,0.278713
511,0.278970
511,0.279791
511,0.280025
511,0.280519
511,0.280694
511,0.283197
511,0.283739
511,0.285352
511,0.289805
511,0.291250
511,0.292471
511,0.292985
512,0.293654
512,0.293773
512,0.296241
512,0.296480
512,0.298216
512,0.298692
512,0.299790
512,0.299984
512,0.300096
512,0.300257
512,0.300288
512,0.302190
512,0.304210
512,0.304677
512,0.307292
512,0.307513
512,0.308248
512,0.308872
512,0.310613
512,0.312355
512,0.314479
512,0.315150
512,0.317985
512,0.318465
512,0.319280
512,0.320391
512,0.320831
512,0.322017
512,0.322442
512,0.324083
512,0.324871
512,0.324941
512,0.326893
512,0.331633
512,0.332065
512,0.332892
512,0.335095
512,0.335231
512,0.338010
512,0.338622
512,0.340251
512,0.341348
512,0.342464
512,0.344513
512,0.346729
512,0.348693
512,0.349528
512,0.349947
512,0.350465
512,0.350722
512,0.351110
512,0.351284
512,0.353259
512,0.353484
512,0.354022
512,0.354356
512,0.355630
512,0.356302
512,0.356587
512,0.357339
512,0.358273
512,0.359959
512,0.360016
512,0.360582
512,0.360868
512,0.361123
512,0.361224
512,0.361495
512,0.362276
512,0.362868
512,0.364051
512,0.366816
512,0.367259
512,0.368993
512,0.369600
512,0.370288
512,0.370765
513,0.371642
513,0.372379
513,0.375008
513,0.375785
513,0.376027
513,0.376810
513,0.376965
513,0.377131
513,0.377989
513,0.378034
513,0.379669
513,0.380048
513,0.380167
513,0.382278
513,0.385046
513,0.385431
514,0.387399
514,0.389809
514,0.391253
514,0.392250
514,0.395471
514,0.395716
514,0.396447
514,0.398001
514,0.400029
514,0.401086
514,0.401876
514,0.403217
514,0.403650
514,0.404434
514,0.405297
514,0.405369
514,0.405611
514,0.406166
514,0.406778
514,0.407635
514,0.408259
514,0.408454
514,0.408567
514,0.409396
514,0.409569
514,0.410175
514,0.410255
514,0.411509
514,0.413649
514,0.414258
514,0.414870
514,0.415605
514,0.416498
514,0.417303
514,0.417605
514,0.419624
514,0.420976
514,0.421042
514,0.422492
514,0.423281
514,0.424011
514,0.424891
514,0.424993
514,0.425618
514,0.427952
514,0.428399
514,0.430793
514,0.432754
514,0.433415
514,0.433872
514,0.435090
514,0.435366
514,0.436464
514,0.441225
514,0.441232
514,0.443852
514,0.444333
514,0.444410
514,0.446804
514,0.449273
514,0.449730
514,0.449932
514,0.451984
514,0.452148
514,0.452589
514,0.452628
515,0.454616
515,0.455156
515,0.458536
515,0.459135
515,0.459359
515,0.461423
516,0.462611
516,0.463908
516,0.464300
516,0.469034
516,0.469667
516,0.469700
516,0.470952
516,0.471460
516,0.475267
516,0.476107
516,0.477464
516,0.478897
516,0.479554
516,0.480694
516,0.482728
516,0.486725
516,0.486900
516,0.487943
516,0.491066
516,0.491067
516,0.491705
516,0.493171
517,0.494925
517,0.495074
517,0.495809
517,0.496546
517,0.497222
517,0.498839
517,0.499758
517,0.500298
518,0.500948
518,0.501129
518,0.501748
518,0.502980
518,0.507022
518,0.509216
518,0.511987
518,0.512137
518,0.513127
518,0.513620
519,0.514755
519,0.516083
519,0.517304
519,0.517945
519,0.518112
519,0.519372
519,0.519836
519,0.520727
519,0.521190
519,0.521530
520,0.523735
520,0.524419
520,0.524471
520,0.524613
520,0.524638
520,0.525638
520,0.526116
521,0.528407
521,0.528628
521,0.529047
521,0.529332
521,0.530424
521,0.531109
521,0.531138
521,0.533117
521,0.533122
521,0.533389
521,0.534426
521,0.535037
521,0.535941
521,0.536867
522,0.541495
522,0.544564
522,0.544622
523,0.547261
523,0.547485
523,0.548227
523,0.548388
523,0.548438
523,0.548850
523,0.549449
523,0.550454
523,0.551522
523,0.552304
523,0.554170
523,0.554966
523,0.555310
523,0.558011
523,0.558422
523,0.558494
523,0.559925
523,0.561088
523,0.562179
523,0.562214
523,0.563421
523,0.565898
523,0.566126
524,0.566854
524,0.568383
524,0.569021
524,0.570003
524,0.570106
524,0.570299
524,0.570552
524,0.571121
525,0.572257
525,0.575265
525,0.577153
525,0.577414
525,0.578773
525,0.578862
525,0.578907
525,0.581958
525,0.582089
525,0.584680
525,0.585574
525,0.586720
525,0.587063
525,0.587211
525,0.589194
525,0.589321
525,0.589459
525,0.590351
525,0.591766
525,0.591863
525,0.594282
525,0.595631
525,0.595785
525,0.595792
525,0.596109
525,0.596634
525,0.596833
525,0.597033
525,0.597109
525,0.598404
525,0.598713
525,0.598876
525,0.599482
525,0.599573
526,0.601367
526,0.601647
526,0.602701
526,0.602817
526,0.604357
526,0.606122
526,0.608314
526,0.608534
526,0.608710
526,0.609042
527,0.610106
527,0.610307
527,0.610836
527,0.612833
527,0.613465
527,0.615280
527,0.615361
527,0.616433
527,0.616869
527,0.617109
527,0.618101
527,0.618552
527,0.618685
527,0.619429
527,0.619430
527,0.619623
527,0.620789
527,0.620801
527,0.621917
527,0.624207
527,0.624430
527,0.625978
527,0.626485
527,0.628270
527,0.628469
527,0.629190
527,0.629843
527,0.633934
527,0.634413
528,0.638731
528,0.640030
528,0.640906
528,0.641508
528,0.642828
528,0.643593
528,0.644329
528,0.645287
528,0.645511
528,0.645637
528,0.645817
528,0.646493
528,0.646655
528,0.647563
528,0.647691
529,0.648737
529,0.648833
529,0.649591
529,0.652533
529,0.655421
529,0.660549
529,0.661618
529,0.662303
529,0.663460
529,0.664400
530,0.665477
530,0.665918
530,0.667847
530,0.668686
530,0.671469
530,0.673411
530,0.673429
530,0.673797
530,0.674026
530,0.675126
530,0.675571
530,0.677504
531,0.681052
531,0.681169
531,0.682307
531,0.683500
531,0.684639
531,0.684797
531,0.686932
531,0.687287
531,0.687434
532,0.688582
532,0.689544
532,0.691069
532,0.691344
532,0.691903
532,0.691963
532,0.694685
532,0.696716
532,0.697725
532,0.698172
532,0.698521
533,0.699696
533,0.700395
533,0.702507
534,0.703803
534,0.705230
534,0.705655
534,0.705830
534,0.705853
534,0.707027
534,0.707712
534,0.708340
534,0.709254
534,0.710719
534,0.713355
534,0.713385
535,0.713938
536,0.718701
536,0.719083
536,0.720265
536,0.721322
536,0.721376
537,0.723474
537,0.724384
537,0.725022
538,0.727605
538,0.727785
538,0.728469
539,0.730337
539,0.731372
539,0.731401
540,0.734405
540,0.735128
541,0.737092
541,0.737132
541,0.737525
541,0.737833
541,0.738535
542,0.738837
543,0.740592
545,0.746520
546,0.747532
547,0.748070
547,0.748358
547,0.748906
548,0.750356
548,0.750785
549,0.751512
549,0.752563
549,0.753207
550,0.754926
551,0.756322
551,0.756671
552,0.757320
552,0.758292
552,0.758455
553,0.759121
554,0.760724
556,0.764461
556,0.765113
557,0.765593
557,0.765903
558,0.768004
558,0.768232
559,0.768811
559,0.769782
560,0.771170
561,0.773115
561,0.773249
562,0.773776
562,0.774061
562,0.774615
563,0.775574
564,0.777699
565,0.777784
565,0.778282
565,0.779597
565,0.779640
566,0.780316
567,0.781584
568,0.782319
569,0.782868
570,0.783301
572,0.784669
573,0.785362
575,0.786421
579,0.789335
580,0.789835
580,0.789934
583,0.792899
584,0.793253
585,0.794287
586,0.794705
586,0.794789
587,0.794933
587,0.794941
587,0.795378
589,0.796289
589,0.796296
590,0.797052
590,0.797561
592,0.798414
592,0.798952
593,0.799405
594,0.800134
596,0.801638
596,0.802093
598,0.803419
601,0.804721
606,0.806827
607,0.807374
607,0.807678
609,0.808017
609,0.808693
611,0.809124
611,0.809321
614,0.810761
615,0.811061
616,0.811312
616,0.811776
618,0.812000
625,0.815525
638,0.820800
638,0.821165
641,0.822095
641,0.822117
642,0.822301
643,0.823074
644,0.823239
649,0.824741
652,0.825817
658,0.827191
661,0.828033
662,0.828385
663,0.828666
665,0.828905
679,0.831631
680,0.831906
684,0.832574
692,0.834095
703,0.836078
707,0.836759
709,0.837226
725,0.839798
727,0.840175
732,0.840912
734,0.841256
738,0.842012
742,0.842693
742,0.842793
745,0.843180
745,0.843275
753,0.844969
755,0.845380
764,0.847616
766,0.848113
771,0.849246
771,0.849387
773,0.849635
776,0.850380
778,0.850796
782,0.851989
783,0.852076
795,0.854971
795,0.855013
796,0.855284
802,0.857004
802,0.857165
802,0.857244
802,0.857277
807,0.858475
810,0.859387
811,0.859645
811,0.859691
817,0.861103
818,0.861463
820,0.862070
822,0.862444
829,0.864119
831,0.864777
842,0.867160
842,0.867162
849,0.868798
857,0.870528
859,0.871056
859,0.871061
862,0.871717
863,0.871924
864,0.872270
870,0.873475
873,0.874173
873,0.874227
882,0.875816
884,0.876093
884,0.876105
897,0.878542
911,0.881186
912,0.881295
919,0.882792
920,0.883054
922,0.883352
922,0.883913
924,0.884449
925,0.884734
929,0.886785
929,0.887267
931,0.888883
932,0.889156
932,0.890045
932,0.890668
933,0.891365
935,0.892803
936,0.895176
936,0.895298
936,0.895932
936,0.896298
936,0.896337
938,0.896949
939,0.897702
939,0.898112
939,0.900052
940,0.900137
940,0.900375
941,0.900592
942,0.900864
942,0.901517
942,0.901521
942,0.901607
946,0.904106
946,0.904595
949,0.906025
955,0.907113
960,0.908035
961,0.908106
989,0.912075
997,0.913070
1014,0.914664
1023,0.915396
1027,0.915714
1039,0.916600
1040,0.916686
1043,0.916917
1047,0.917176
1047,0.917179
1047,0.917188
1079,0.919233
1085,0.919632
1130,0.922312
1148,0.923431
1169,0.924676
1228,0.927827
1234,0.928079
1265,0.929706
1276,0.930334
1278,0.930448
1280,0.930607
1310,0.932556
1361,0.935928
1383,0.937014
1386,0.937140
1422,0.938411
1536,0.940829
1626,0.941955
1823,0.943417
2241,0.945319
2252,0.945364
3290,0.947087
3468,0.948143
3488,0.948295
3593,0.949025
3632,0.949206
4006,0.950286
4079,0.950700
4212,0.951635
4550,0.953789
4785,0.954843
5458,0.956797
5505,0.956898
6225,0.958435
6300,0.958561
6607,0.959202
6970,0.960521
7905,0.964877
8657,0.969068
8676,0.969213
8793,0.970104
9233,0.972897
9717,0.974870
9728,0.974903
10380,0.976494
11785,0.978716
12801,0.979598
13145,0.980032
13239,0.980156
14111,0.980953
15239,0.981499
15641,0.981600
20700,0.982640
20977,0.983148
22507,0.984123
23762,0.984603
24018,0.984716
30087,0.985040
776600,0.985477
814603,0.986398
825451,0.987097
835483,0.987948
836910,0.988073
842832,0.988621
850472,0.989390
851864,0.989527
859473,0.990291
865002,0.990824
871658,0.991442
877225,0.991923
898821,0.993550
913493,0.994482
930680,0.995430
978589,0.997517
1085205,0.999444
7767841,1.000000
