664870.189343
1456.053809
403,0.000000
499,0.003872
500,0.004885
500,0.004918
500,0.005529
500,0.006319
501,0.006714
501,0.007072
501,0.009024
501,0.010756
501,0.010805
501,0.012084
501,0.012672
501,0.012711
501,0.013389
501,0.013506
501,0.014374
501,0.014429
501,0.015905
501,0.015939
502,0.017669
502,0.017840
502,0.018046
503,0.019389
503,0.019436
503,0.020112
503,0.021995
503,0.022984
503,0.023726
503,0.023900
503,0.024221
503,0.024319
503,0.024658
503,0.025367
503,0.026349
503,0.027282
503,0.027534
503,0.028497
503,0.029971
503,0.030582
503,0.031418
503,0.032722
503,0.032842
503,0.033390
503,0.033419
503,0.035559
503,0.035699
503,0.036753
503,0.039380
503,0.039835
503,0.040914
503,0.041426
504,0.042525
504,0.043025
504,0.045303
504,0.047241
505,0.049512
505,0.049533
505,0.050221
505,0.051450
505,0.056617
505,0.060206
505,0.062268
505,0.063601
505,0.064469
505,0.064862
505,0.066148
505,0.066327
505,0.068241
505,0.068827
505,0.069439
505,0.070484
505,0.071204
505,0.071277
505,0.072437
505,0.072855
505,0.073385
505,0.073485
505,0.075014
505,0.075793
505,0.076611
505,0.076675
505,0.080063
505,0.080565
505,0.082402
505,0.085047
506,0.087497
506,0.088783
506,0.090850
506,0.090858
506,0.091413
506,0.092433
506,0.094598
506,0.094888
506,0.095893
506,0.096330
506,0.096360
506,0.096409
506,0.098358
506,0.099089
506,0.099101
506,0.099734
506,0.100081
506,0.100136
506,0.100233
506,0.100336
506,0.101135
506,0.103370
506,0.104988
506,0.105677
507,0.106626
507,0.107638
507,0.108017
507,0.110339
507,0.110506
507,0.112336
507,0.114123
507,0.115358
507,0.116994
507,0.117415
507,0.118297
507,0.119413
507,0.122679
507,0.123429
507,0.124466
507,0.126229
507,0.127461
507,0.127780
507,0.127892
507,0.128508
507,0.129691
507,0.130268
507,0.130283
507,0.130997
507,0.131100
507,0.132104
507,0.135376
507,0.135536
507,0.137785
507,0.138059
507,0.139793
507,0.142743
507,0.143143
507,0.143427
507,0.145963
507,0.146249
507,0.148400
507,0.150082
507,0.151088
507,0.151122
507,0.151623
508,0.152757
508,0.153196
508,0.153532
508,0.154355
508,0.155985
508,0.159623
508,0.160063
508,0.160208
508,0.160323
508,0.160493
508,0.160538
508,0.160618
508,0.163902
508,0.164398
508,0.164529
508,0.165712
508,0.167996
508,0.171714
508,0.172650
508,0.172825
508,0.173758
508,0.174075
508,0.176758
508,0.178725
508,0.180535
508,0.180764
508,0.183828
508,0.183842
508,0.184768
508,0.185463
508,0.190265
508,0.190759
508,0.191579
508,0.191881
508,0.192344
508,0.192634
508,0.195808
509,0.198645
509,0.198650
509,0.201292
509,0.203078
509,0.203104
509,0.203216
509,0.203794
509,0.204990
509,0.205455
509,0.207482
509,0.207689
509,0.208329
509,0.208605
509,0.209037
509,0.209365
509,0.209553
509,0.212505
509,0.212575
509,0.213219
509,0.215567
509,0.219421
509,0.220331
509,0.220957
509,0.221491
509,0.222133
509,0.222801
509,0.222823
509,0.223059
509,0.224570
509,0.224638
509,0.224840
509,0.225450
509,0.225810
509,0.226917
509,0.227828
509,0.227910
509,0.229749
509,0.230950
509,0.231818
509,0.233260
509,0.234681
509,0.234868
509,0.235182
509,0.235257
509,0.238445
509,0.238756
509,0.239475
509,0.240005
509,0.240347
509,0.240524
509,0.240685
509,0.240690
509,0.242113
509,0.242993
509,0.245581
510,0.248184
510,0.249799
510,0.251320
510,0.252629
510,0.252901
510,0.252987
510,0.253681
510,0.254757
510,0.255480
510,0.259265
510,0.259310
510,0.260724
510,0.262144
510,0.263604
510,0.265162
510,0.265231
510,0.265726
510,0.265830
510,0.265836
510,0.266016
510,0.267387
510,0.269180
510,0.270987
510,0.271498
510,0.271549
510,0.272146
510,0.273430
510,0.276101
510,0.276153
510,0.277015
510,0.278140
510,0.279855
510,0.280679
510,0.280783
510,0.281114
510,0.281455
510,0.286305
510,0.286931
510,0.288728
510,0.289361
510,0.289374
510,0.289714
510,0.289931
510,0.290883
510,0.292147
510,0.292342
510,0.293067
510,0.293540
510,0.298004
510,0.298117
510,0.298180
510,0.298885
510,0.300238
510,0.300510
510,0.301963
510,0.302933
510,0.304124
510,0.304453
510,0.305741
510,0.306841
510,0.307615
510,0.309333
510,0.310881
510,0.312009
510,0.312173
510,0.314229
510,0.314604
510,0.314665
510,0.315773
510,0.317365
510,0.317606
510,0.317674
510,0.318082
510,0.318130
510,0.320351
510,0.320613
511,0.323499
511,0.324154
511,0.325325
511,0.325644
511,0.325908
511,0.326014
511,0.326300
511,0.326426
511,0.330783
511,0.331067
511,0.331678
511,0.331826
511,0.333785
511,0.334660
511,0.334919
511,0.335902
511,0.336337
511,0.336375
511,0.336895
511,0.338178
511,0.339955
511,0.340964
511,0.342151
511,0.342378
511,0.342704
511,0.346765
511,0.349138
511,0.349466
511,0.352063
511,0.352700
511,0.353390
511,0.354801
511,0.356000
511,0.356479
511,0.356975
511,0.357118
511,0.358937
511,0.359499
511,0.360263
511,0.360466
511,0.360659
512,0.361587
512,0.363968
512,0.364007
512,0.368198
512,0.370728
512,0.371068
512,0.371599
512,0.371912
512,0.372149
512,0.372841
512,0.373676
512,0.374035
512,0.374392
512,0.375467
512,0.376235
512,0.376461
512,0.376523
512,0.376542
512,0.377234
512,0.377328
512,0.377484
512,0.378000
512,0.378429
512,0.379216
512,0.380354
512,0.380535
512,0.382904
512,0.382999
512,0.384033
512,0.384530
512,0.388900
512,0.389701
512,0.389882
512,0.390393
512,0.390960
512,0.391215
512,0.391328
512,0.392518
512,0.392738
512,0.392829
512,0.394784
512,0.395055
512,0.395454
512,0.395724
512,0.396593
512,0.398668
512,0.398876
512,0.400297
512,0.400353
512,0.401347
512,0.402149
512,0.403229
512,0.403328
512,0.403961
512,0.404365
512,0.404878
512,0.405845
512,0.405891
512,0.406091
512,0.406518
512,0.407096
512,0.407302
512,0.409831
512,0.410341
512,0.413523
512,0.414449
512,0.414707
512,0.416072
512,0.416454
512,0.418561
512,0.421026
512,0.421134
512,0.421181
512,0.423422
512,0.423977
512,0.428756
512,0.428893
512,0.431082
512,0.432045
512,0.433185
512,0.435333
512,0.436662
512,0.436797
512,0.437393
512,0.439034
512,0.439791
512,0.441989
512,0.442249
512,0.443081
512,0.443593
512,0.444924
512,0.445434
512,0.449868
512,0.450241
512,0.450657
512,0.450995
512,0.453582
512,0.453858
512,0.456299
512,0.457059
512,0.458105
512,0.458249
512,0.459403
512,0.460683
512,0.461130
513,0.462490
513,0.462864
513,0.463745
513,0.464893
513,0.464893
513,0.467245
513,0.468847
513,0.469702
513,0.471526
513,0.471651
513,0.471883
513,0.472386
513,0.472848
513,0.473238
513,0.475209
513,0.476323
513,0.478023
513,0.480905
513,0.481963
513,0.482936
514,0.487850
514,0.487922
514,0.488946
514,0.491406
514,0.492055
514,0.492358
514,0.493683
514,0.493853
514,0.494494
514,0.495650
514,0.495702
514,0.495866
514,0.496314
514,0.498817
514,0.501619
514,0.502129
514,0.503454
514,0.504329
514,0.504695
514,0.505451
514,0.506516
514,0.506863
514,0.508294
514,0.508871
514,0.509587
514,0.510874
514,0.511045
514,0.512434
514,0.513284
514,0.514963
514,0.517411
514,0.518511
514,0.518912
514,0.520447
514,0.522370
514,0.524151
514,0.524810
514,0.527992
514,0.528039
514,0.528802
514,0.530729
514,0.530901
514,0.532460
514,0.532960
514,0.534464
514,0.534587
514,0.535632
514,0.536368
514,0.537230
514,0.539333
514,0.539864
514,0.540216
514,0.541566
514,0.541684
514,0.542054
514,0.542096
514,0.542301
514,0.542395
514,0.543619
514,0.547302
514,0.547958
514,0.548664
514,0.549286
514,0.549524
514,0.551269
514,0.551503
514,0.552360
514,0.552607
514,0.554042
514,0.554061
514,0.554207
514,0.554829
514,0.555337
514,0.556474
514,0.557079
514,0.557786
514,0.558165
514,0.560588
514,0.560983
514,0.561748
514,0.563104
514,0.563552
514,0.564607
514,0.564853
514,0.565283
514,0.568060
514,0.568307
514,0.570436
514,0.570679
514,0.571878
514,0.573685
514,0.574026
514,0.574333
514,0.574504
514,0.579100
514,0.581527
514,0.581976
514,0.582012
514,0.582507
514,0.583002
514,0.583635
514,0.584354
514,0.585319
514,0.585504
514,0.587280
514,0.587588
514,0.588918
514,0.593469
514,0.594353
515,0.595853
515,0.596579
515,0.598731
515,0.601979
515,0.602032
515,0.602167
515,0.602227
515,0.602375
515,0.603402
515,0.604533
515,0.604567
515,0.605954
515,0.606201
515,0.606564
515,0.606808
515,0.611660
516,0.613184
516,0.615205
516,0.615790
516,0.616519
516,0.616630
516,0.617282
516,0.617445
516,0.617623
516,0.618635
516,0.618922
516,0.619454
516,0.621010
516,0.621890
516,0.623176
516,0.624613
516,0.624729
516,0.625699
516,0.627118
516,0.627441
516,0.627549
516,0.627841
516,0.628790
516,0.630947
516,0.631341
516,0.631981
516,0.633105
516,0.635714
516,0.637222
516,0.638611
516,0.638871
516,0.639014
516,0.640056
516,0.640928
516,0.641856
516,0.642552
516,0.643957
516,0.645036
516,0.646074
516,0.647181
516,0.650359
516,0.651506
516,0.655042
516,0.655340
516,0.656742
516,0.657711
516,0.658766
516,0.659767
516,0.659905
516,0.661355
516,0.662428
516,0.662503
516,0.664971
516,0.665576
516,0.665875
516,0.666370
516,0.666959
516,0.668098
516,0.668305
516,0.668994
516,0.669135
516,0.671116
516,0.671366
516,0.672251
516,0.672382
516,0.673599
516,0.674089
516,0.674592
516,0.674845
516,0.680186
516,0.680659
516,0.680858
516,0.683974
516,0.686005
516,0.686623
516,0.688883
516,0.688963
516,0.691358
517,0.693326
517,0.694005
517,0.697139
517,0.697871
517,0.699068
517,0.701010
517,0.701106
517,0.702272
517,0.702313
517,0.703415
517,0.703509
517,0.703926
517,0.706159
517,0.706865
517,0.706909
517,0.707606
517,0.708443
517,0.709599
517,0.709689
517,0.710461
517,0.710564
517,0.711013
517,0.712650
517,0.713393
517,0.714127
517,0.714251
517,0.714375
517,0.716574
517,0.716648
517,0.719258
517,0.719788
517,0.719896
518,0.720977
518,0.722638
518,0.722899
518,0.723929
518,0.723970
518,0.724603
518,0.726524
518,0.726893
518,0.728099
518,0.728307
518,0.729059
518,0.729298
518,0.733402
518,0.733865
518,0.734716
518,0.739812
518,0.740289
518,0.740935
518,0.741346
518,0.742376
518,0.744240
518,0.745496
518,0.748066
518,0.748164
518,0.748960
518,0.751086
518,0.753365
518,0.753577
518,0.753674
518,0.755403
518,0.756367
518,0.756722
518,0.757920
518,0.758200
518,0.759259
518,0.760577
518,0.760745
518,0.761336
518,0.762887
518,0.764521
518,0.766055
518,0.766178
518,0.766372
518,0.767006
518,0.767120
518,0.767630
519,0.775268
519,0.776364
519,0.776736
519,0.778281
519,0.780463
519,0.781102
519,0.782004
519,0.785213
519,0.788271
519,0.788550
519,0.788744
519,0.788960
519,0.789688
519,0.789768
519,0.790030
519,0.790221
519,0.791790
519,0.792861
519,0.792863
519,0.794150
519,0.799191
519,0.800142
519,0.800580
520,0.802038
520,0.802093
520,0.802617
520,0.802983
520,0.804585
520,0.805681
520,0.805844
520,0.807416
520,0.808025
520,0.808208
520,0.808821
520,0.809330
520,0.812244
520,0.812680
520,0.814945
520,0.815265
520,0.815757
520,0.818681
520,0.818684
520,0.822449
520,0.822505
520,0.824077
520,0.825229
520,0.825438
520,0.825492
520,0.827850
521,0.829530
521,0.830379
521,0.830504
521,0.830785
521,0.831134
521,0.834007
521,0.835770
521,0.836925
521,0.837153
521,0.837870
521,0.838058
521,0.838210
521,0.838656
521,0.839370
521,0.839564
521,0.839953
521,0.841205
521,0.842752
521,0.843294
521,0.843610
521,0.844043
521,0.844104
521,0.844753
521,0.845123
521,0.846689
521,0.846925
521,0.847089
521,0.847209
521,0.849148
521,0.850355
521,0.850506
521,0.851210
522,0.853113
522,0.853813
522,0.854803
522,0.855727
522,0.856955
522,0.857598
522,0.859856
522,0.859932
522,0.860196
522,0.860860
522,0.862428
522,0.862697
523,0.866766
523,0.867926
523,0.867956
523,0.869876
523,0.871679
523,0.871686
523,0.871981
523,0.875545
523,0.876698
523,0.877295
524,0.878538
524,0.880269
525,0.880756
525,0.881115
525,0.881139
525,0.881248
525,0.883229
525,0.885325
525,0.885698
525,0.886728
525,0.887153
526,0.888009
527,0.888580
533,0.894597
534,0.895210
535,0.896943
536,0.897184
538,0.900238
538,0.900681
539,0.901421
540,0.901853
540,0.902218
541,0.903518
542,0.904028
545,0.906434
545,0.906755
545,0.906778
547,0.907564
549,0.908106
552,0.909052
559,0.911475
561,0.912544
561,0.912713
564,0.914964
569,0.918484
570,0.918907
570,0.918911
571,0.919689
589,0.923324
589,0.923412
590,0.923861
593,0.924953
593,0.925219
596,0.926515
598,0.927936
600,0.928955
605,0.930232
618,0.931607
621,0.932825
623,0.934018
625,0.936062
626,0.936300
627,0.936501
627,0.936784
628,0.937736
632,0.940050
633,0.940650
634,0.940913
634,0.941245
635,0.941407
636,0.941937
636,0.942085
638,0.942328
648,0.943147
657,0.944298
659,0.944795
660,0.945283
661,0.945772
662,0.946150
668,0.948576
668,0.948695
669,0.948998
671,0.949603
672,0.949799
673,0.950084
675,0.950368
675,0.950561
682,0.950866
692,0.951264
692,0.951338
697,0.952044
699,0.952839
704,0.954855
707,0.955856
708,0.956446
708,0.956466
714,0.957978
720,0.958801
735,0.959193
744,0.960436
749,0.961691
750,0.961974
752,0.962683
760,0.965275
762,0.965636
766,0.966317
790,0.967059
793,0.967325
793,0.967422
794,0.967434
807,0.971086
808,0.971601
817,0.973753
819,0.974030
819,0.974055
860,0.976181
866,0.977570
871,0.979403
871,0.979517
872,0.979650
876,0.980531
877,0.981042
887,0.982068
925,0.983442
933,0.986615
935,0.986949
935,0.987276
936,0.987669
936,0.987699
939,0.989583
939,0.989764
939,0.990111
942,0.991518
942,0.991982
942,0.992113
942,0.992451
946,0.994265
946,0.994528
949,0.995164
953,0.996582
1151,0.998511
7188807,0.999943
9652533,0.999997
12626699,1.000000
