35898.872949
27802.906766
401,0.000000
418,0.002024
419,0.002528
420,0.004770
420,0.005267
420,0.005302
421,0.005944
421,0.005970
421,0.007279
422,0.008020
422,0.008143
422,0.008255
422,0.008419
422,0.009231
422,0.009973
423,0.012926
423,0.014330
423,0.014647
424,0.015900
424,0.018992
425,0.019610
425,0.020721
425,0.021386
425,0.022176
425,0.022937
425,0.023149
426,0.024278
426,0.025184
426,0.025446
426,0.025537
426,0.026183
426,0.026628
426,0.026913
426,0.027002
426,0.027701
426,0.027928
426,0.028860
426,0.029033
427,0.031688
427,0.031811
427,0.032193
427,0.032577
428,0.034638
428,0.035041
428,0.035494
428,0.035964
429,0.036662
429,0.036669
429,0.038083
429,0.038706
429,0.038749
429,0.039297
429,0.039619
429,0.039622
430,0.040478
430,0.040524
430,0.041789
430,0.041867
434,0.045013
436,0.045801
438,0.046741
439,0.047327
445,0.050746
446,0.051000
447,0.051199
448,0.051528
451,0.052138
462,0.053211
463,0.053297
494,0.054762
495,0.054915
510,0.057624
511,0.058170
512,0.058464
513,0.060529
513,0.060664
514,0.061076
514,0.061673
514,0.063399
514,0.063850
514,0.064159
514,0.064325
514,0.066323
514,0.068507
514,0.070292
515,0.071142
515,0.071996
515,0.072151
515,0.074075
515,0.074562
515,0.075275
516,0.075538
516,0.075839
516,0.077619
516,0.077805
516,0.080648
516,0.081291
516,0.081950
516,0.082427
516,0.082965
516,0.083151
516,0.084748
516,0.085301
516,0.087195
516,0.087350
516,0.089069
516,0.090099
516,0.090718
516,0.090846
516,0.091044
516,0.091591
516,0.092411
516,0.092709
516,0.093371
516,0.093779
516,0.094696
516,0.094805
516,0.094929
516,0.094970
516,0.095063
516,0.095298
516,0.095480
517,0.096399
517,0.096614
517,0.096845
517,0.098849
517,0.098942
517,0.101409
517,0.103289
517,0.105515
517,0.105669
517,0.106143
517,0.108107
517,0.109843
517,0.110080
517,0.110270
517,0.110298
517,0.111698
517,0.112431
517,0.112627
517,0.113925
518,0.114326
518,0.114844
518,0.114927
518,0.116825
518,0.117417
518,0.117763
518,0.120413
518,0.121736
518,0.122103
518,0.122147
518,0.123944
518,0.126330
518,0.127449
518,0.129541
518,0.130052
518,0.130174
518,0.130739
518,0.131439
518,0.132837
518,0.132907
518,0.133394
518,0.135132
518,0.135133
518,0.135617
518,0.137476
518,0.138155
518,0.140389
518,0.142331
518,0.142379
518,0.142434
519,0.145935
519,0.146515
519,0.148246
519,0.148402
519,0.149812
519,0.150188
519,0.151244
519,0.152422
519,0.153293
519,0.153669
519,0.153695
519,0.154210
519,0.155292
519,0.155635
519,0.156593
519,0.157404
519,0.158530
519,0.159074
519,0.160449
519,0.160506
519,0.160574
519,0.161549
519,0.161668
519,0.162610
519,0.164448
519,0.165454
519,0.165911
519,0.167203
519,0.168687
519,0.170053
519,0.170312
519,0.170672
519,0.171539
519,0.172386
519,0.174635
519,0.174983
519,0.177136
519,0.177834
519,0.178117
519,0.178281
519,0.179803
519,0.180761
519,0.181178
519,0.181735
519,0.185065
520,0.187326
520,0.188284
520,0.188606
520,0.189533
520,0.189781
520,0.189978
520,0.190694
520,0.191660
520,0.193759
520,0.194548
520,0.195254
520,0.195760
520,0.198000
520,0.198569
520,0.198597
520,0.201939
520,0.203297
520,0.203300
520,0.205558
520,0.209047
520,0.209503
520,0.210411
520,0.210427
520,0.210839
520,0.211544
520,0.211612
520,0.212464
520,0.213071
520,0.213417
520,0.217505
520,0.217938
520,0.218082
520,0.219362
521,0.220528
521,0.220821
521,0.220938
521,0.221503
521,0.223539
521,0.225493
521,0.225829
521,0.225916
521,0.226847
521,0.226947
521,0.227052
521,0.228301
521,0.229305
521,0.229542
521,0.230336
521,0.230611
521,0.230915
521,0.231501
521,0.233907
521,0.236460
521,0.237082
521,0.237592
521,0.237843
521,0.238968
521,0.240040
521,0.240816
521,0.241780
521,0.243341
521,0.249644
521,0.253144
521,0.253623
521,0.255339
521,0.255987
521,0.256073
521,0.256555
521,0.258293
521,0.258578
521,0.260637
521,0.260831
521,0.261145
521,0.261362
521,0.262325
521,0.262962
521,0.263403
521,0.264027
521,0.264159
521,0.267052
521,0.268599
521,0.268813
521,0.270302
521,0.271385
521,0.271710
521,0.272605
521,0.274017
521,0.274269
521,0.274499
521,0.277292
521,0.277545
521,0.280304
521,0.280307
521,0.280597
522,0.283353
522,0.283996
522,0.284432
522,0.284705
522,0.284920
522,0.285115
522,0.287887
522,0.287901
522,0.289546
522,0.290623
522,0.291338
522,0.291343
522,0.292815
522,0.293232
522,0.293313
522,0.293544
522,0.293864
522,0.293886
522,0.294158
522,0.295482
522,0.297847
522,0.298115
522,0.298188
522,0.298260
522,0.298400
522,0.298962
522,0.299267
522,0.299953
522,0.303274
522,0.303491
522,0.304358
522,0.305578
523,0.307217
523,0.309185
523,0.309244
523,0.310018
523,0.310852
523,0.312390
523,0.312665
523,0.315405
523,0.315913
523,0.316727
523,0.320795
523,0.321911
523,0.322795
523,0.323974
523,0.324032
523,0.324124
523,0.327346
523,0.327492
523,0.328816
523,0.332266
523,0.333556
523,0.333599
523,0.338043
523,0.338429
523,0.338971
523,0.339404
523,0.339864
523,0.340587
523,0.340948
523,0.341140
523,0.341970
523,0.342282
523,0.342722
523,0.347757
523,0.349506
523,0.349629
523,0.349762
523,0.350328
523,0.350739
523,0.350795
523,0.351109
523,0.351576
523,0.352510
523,0.352778
523,0.353375
523,0.354907
523,0.355879
523,0.355879
523,0.357856
523,0.358141
523,0.358502
523,0.359101
523,0.359656
523,0.360696
523,0.361391
523,0.361894
523,0.362025
523,0.362055
523,0.363924
523,0.365284
523,0.366748
523,0.366785
523,0.367541
523,0.368181
523,0.369758
523,0.370371
523,0.371639
523,0.373834
523,0.374081
523,0.374102
523,0.375081
523,0.375393
523,0.377185
523,0.377822
523,0.378771
524,0.379856
524,0.380485
524,0.382208
524,0.383733
524,0.386244
524,0.386704
524,0.387602
524,0.388461
524,0.390252
524,0.391733
525,0.394986
525,0.395190
525,0.395624
525,0.399280
525,0.399736
525,0.400050
525,0.403955
525,0.406556
525,0.408745
525,0.409148
525,0.412336
525,0.413846
525,0.414868
525,0.417284
525,0.417894
525,0.419792
525,0.420531
525,0.421482
525,0.421554
525,0.422319
525,0.422812
525,0.423966
525,0.424695
525,0.425360
525,0.426053
525,0.426390
525,0.426527
525,0.429725
525,0.429847
525,0.433750
525,0.434637
525,0.434982
525,0.435590
525,0.437437
525,0.439178
525,0.440000
525,0.440103
525,0.440199
525,0.441573
525,0.445616
525,0.445660
525,0.445930
525,0.447836
525,0.448371
525,0.449868
526,0.449959
526,0.451781
526,0.452075
526,0.452209
526,0.452857
526,0.452956
526,0.453604
526,0.453971
526,0.454846
526,0.455161
526,0.456313
526,0.457011
526,0.457761
526,0.458106
526,0.458507
526,0.459879
527,0.462792
527,0.463056
527,0.464807
527,0.465428
527,0.466001
527,0.467668
527,0.468785
527,0.472552
527,0.472658
527,0.476011
527,0.476077
527,0.476130
527,0.477183
527,0.481178
527,0.481581
527,0.483129
527,0.487682
527,0.487868
527,0.487968
527,0.488966
528,0.490799
528,0.492526
528,0.493222
528,0.495199
528,0.495272
528,0.496157
528,0.496727
528,0.497317
529,0.500200
529,0.502748
529,0.502753
529,0.502826
529,0.504773
529,0.505089
529,0.505851
529,0.505957
529,0.506543
529,0.506786
529,0.507424
529,0.507588
529,0.507856
529,0.508510
529,0.509429
529,0.511302
530,0.512766
530,0.513984
530,0.514615
530,0.516937
530,0.517279
530,0.517350
531,0.520527
531,0.520596
531,0.521145
531,0.521867
531,0.522913
531,0.523730
532,0.526526
532,0.526836
532,0.527311
532,0.527573
532,0.527839
532,0.529545
532,0.529688
532,0.530901
533,0.532687
533,0.532695
533,0.532787
534,0.533539
534,0.533929
534,0.533976
534,0.537929
534,0.538138
534,0.538201
534,0.538374
535,0.540336
535,0.540711
535,0.541368
536,0.541937
536,0.543490
536,0.544587
536,0.546133
536,0.546178
536,0.548549
536,0.548798
537,0.549110
537,0.550300
537,0.551271
537,0.551746
537,0.551752
537,0.551945
538,0.552773
538,0.553253
538,0.553784
538,0.555112
538,0.555720
539,0.558962
539,0.559643
539,0.559727
539,0.561132
539,0.561872
540,0.564550
540,0.566404
540,0.566588
540,0.566927
540,0.566996
540,0.568149
540,0.568322
540,0.568500
540,0.569291
540,0.569817
541,0.570951
541,0.572513
541,0.573130
541,0.574467
541,0.574941
541,0.576876
542,0.577794
542,0.579112
542,0.580131
542,0.580433
542,0.580869
542,0.580910
542,0.581049
542,0.581274
543,0.582232
543,0.583430
543,0.584520
543,0.584929
543,0.590228
544,0.592412
544,0.592970
544,0.593227
545,0.594213
545,0.594691
545,0.594942
545,0.597359
545,0.597761
545,0.599361
545,0.599914
545,0.600334
545,0.600896
545,0.601383
546,0.605284
546,0.606442
546,0.606541
546,0.606588
547,0.607366
547,0.608530
547,0.608661
547,0.609427
547,0.611561
547,0.611696
547,0.612902
547,0.612995
547,0.613553
547,0.614269
548,0.615203
549,0.618867
549,0.619534
549,0.619854
549,0.620486
549,0.622299
550,0.623783
550,0.625213
550,0.625450
550,0.626664
551,0.627260
551,0.627395
551,0.628506
551,0.628861
551,0.629361
551,0.629540
551,0.629544
552,0.630906
553,0.633860
554,0.636729
554,0.636864
556,0.640911
558,0.643039
558,0.643444
558,0.644066
559,0.645220
559,0.645567
560,0.646580
561,0.647487
561,0.648266
562,0.648921
562,0.649000
564,0.651422
565,0.652859
566,0.653905
567,0.654383
567,0.654683
567,0.655711
568,0.656833
570,0.658812
570,0.659348
571,0.659529
571,0.659945
573,0.662200
574,0.663985
576,0.666052
576,0.666173
576,0.666685
576,0.667228
577,0.668332
578,0.668781
578,0.669320
578,0.669478
580,0.670830
582,0.672797
583,0.673083
584,0.674012
587,0.675617
587,0.675954
593,0.679036
596,0.680882
599,0.682345
600,0.683020
600,0.683276
601,0.684313
602,0.684539
603,0.685322
603,0.685618
603,0.685630
609,0.690672
609,0.691570
614,0.694835
616,0.696640
623,0.699787
629,0.702006
629,0.702217
631,0.702993
633,0.704007
633,0.704224
634,0.705013
636,0.705479
639,0.708080
640,0.708416
640,0.708826
641,0.709617
642,0.710553
644,0.712049
644,0.712102
649,0.714886
650,0.715787
651,0.716481
653,0.717642
660,0.721124
660,0.721468
661,0.721949
665,0.724009
667,0.724848
667,0.724980
667,0.725318
671,0.726932
672,0.727753
675,0.729081
678,0.730520
679,0.731302
680,0.731794
682,0.732981
683,0.733254
694,0.738220
695,0.738728
696,0.739439
697,0.739769
703,0.742436
707,0.744007
707,0.744295
710,0.745509
711,0.745781
711,0.745849
711,0.745888
713,0.746524
713,0.746933
717,0.748413
728,0.752276
729,0.752665
729,0.752885
731,0.753181
734,0.754404
738,0.755336
740,0.755917
742,0.756457
746,0.757741
749,0.758458
751,0.759058
751,0.759179
762,0.761754
762,0.761992
777,0.765300
782,0.766521
782,0.766618
790,0.768431
793,0.769157
796,0.770058
797,0.770256
800,0.771336
804,0.772473
806,0.773384
817,0.777302
817,0.777536
817,0.777544
818,0.777900
820,0.778566
822,0.779584
826,0.781233
826,0.781363
827,0.781989
833,0.784550
834,0.784901
839,0.786899
840,0.787122
842,0.788153
844,0.788813
862,0.794531
864,0.794780
864,0.794969
870,0.796504
875,0.797767
877,0.798031
882,0.799226
886,0.799999
907,0.803881
918,0.805585
919,0.805697
919,0.805699
924,0.806533
928,0.807101
929,0.807329
932,0.807651
949,0.810506
956,0.812654
958,0.813055
962,0.813966
963,0.814325
963,0.814437
968,0.815311
971,0.815729
984,0.817299
984,0.817320
990,0.817843
1004,0.819398
1019,0.820840
1037,0.822289
1112,0.828460
1138,0.830988
1149,0.832080
1152,0.832428
1158,0.832951
1171,0.834253
1183,0.835343
1196,0.836670
1199,0.837005
1209,0.837899
1214,0.838306
1219,0.838756
1222,0.839030
1233,0.840039
1237,0.840411
1239,0.840593
1241,0.840847
1254,0.842131
1257,0.842419
1267,0.843505
1279,0.845070
1283,0.845490
1284,0.845674
1298,0.847608
1301,0.848029
1303,0.848496
1312,0.849929
1316,0.850577
1321,0.851294
1332,0.853037
1365,0.858643
1371,0.859389
1380,0.860781
1389,0.862125
1420,0.866237
1435,0.868007
1440,0.868620
1447,0.869218
1449,0.869475
1467,0.871087
1469,0.871238
1478,0.871939
1478,0.871959
1489,0.872666
1491,0.872836
1550,0.875346
1666,0.877817
1808,0.879591
1882,0.880340
1930,0.880767
1945,0.880879
2023,0.881430
2182,0.882203
2950,0.884115
3085,0.884595
3116,0.884708
3152,0.884858
3491,0.891841
3496,0.892049
3514,0.892872
3518,0.893089
3573,0.895779
3622,0.898254
3649,0.899612
3667,0.900433
3700,0.901888
3701,0.901916
3702,0.901975
3705,0.902089
3722,0.902791
3727,0.902974
3731,0.903150
3733,0.903182
3755,0.904026
3845,0.907026
3879,0.908049
3880,0.908106
3895,0.908542
3966,0.910486
4084,0.912801
4158,0.913991
4200,0.914625
4202,0.914656
4252,0.915381
4312,0.916239
4352,0.916729
4515,0.918564
4708,0.920260
4742,0.920531
4951,0.921686
5175,0.922707
5188,0.922754
5838,0.924216
5935,0.924675
6106,0.926468
6266,0.927807
6295,0.927966
6627,0.929617
6857,0.930678
6868,0.930724
7207,0.931902
7356,0.932406
7760,0.935241
7810,0.935846
7874,0.936722
7907,0.937158
8014,0.938699
8017,0.938735
8296,0.942548
8309,0.942705
8738,0.947256
8987,0.948880
8996,0.948931
9096,0.949496
9401,0.951106
9412,0.951167
9459,0.951409
9797,0.953449
9848,0.953796
9983,0.954698
10009,0.954887
10045,0.955152
10084,0.955430
10260,0.956857
10467,0.958489
10535,0.958908
10712,0.959867
10951,0.961058
13122,0.964636
14499,0.966200
20721,0.968050
21840,0.968493
25045,0.969378
26221,0.969463
688056,0.970217
696033,0.970414
712540,0.970745
822673,0.974966
825237,0.975483
832050,0.977020
838572,0.978607
841604,0.979336
841784,0.979375
847906,0.980803
848945,0.981028
850365,0.981335
852101,0.981705
856602,0.982615
879410,0.986661
880331,0.986818
888885,0.988278
890795,0.988581
899813,0.989971
911932,0.991590
927089,0.993266
930985,0.993638
946185,0.994956
950318,0.995269
970078,0.996566
970455,0.996589
974888,0.996820
976494,0.996898
977543,0.996941
978923,0.997010
1026875,0.998626
1050292,0.999045
1055751,0.999121
6545198,1.000000
