816745.517063
1173.653835
360,0.000000
364,0.001042
364,0.001255
364,0.002080
365,0.003888
365,0.004236
366,0.006030
366,0.006458
366,0.007076
366,0.007447
366,0.007823
366,0.008966
366,0.010681
367,0.012059
367,0.012103
367,0.012321
367,0.012807
367,0.013161
367,0.013735
367,0.014017
367,0.014198
367,0.014679
367,0.015503
367,0.016107
367,0.016467
367,0.016721
368,0.019484
368,0.019484
368,0.021164
368,0.021678
369,0.024363
369,0.024918
369,0.025267
369,0.025954
370,0.028655
372,0.030381
372,0.031112
373,0.034273
373,0.034952
373,0.037345
373,0.037696
374,0.038227
374,0.038417
374,0.039036
374,0.039101
374,0.039870
374,0.042414
374,0.042708
375,0.045383
375,0.046359
375,0.046444
375,0.047016
375,0.048327
375,0.048429
375,0.049091
376,0.049264
376,0.051105
376,0.051671
376,0.051763
376,0.051954
376,0.052051
376,0.052172
376,0.052486
377,0.052508
377,0.052698
377,0.053891
378,0.054904
382,0.057861
383,0.058753
383,0.059034
384,0.059479
385,0.061213
386,0.061293
394,0.063221
429,0.065663
466,0.067772
468,0.067873
478,0.068019
496,0.070325
496,0.070689
496,0.071991
497,0.073597
497,0.074228
497,0.075511
497,0.075780
497,0.076035
498,0.078554
498,0.079107
498,0.079888
498,0.080148
498,0.082130
499,0.084359
499,0.084367
499,0.084490
499,0.084936
499,0.085183
499,0.086431
499,0.091227
499,0.092753
499,0.093172
499,0.094957
499,0.095020
499,0.095579
499,0.096806
499,0.097117
499,0.097774
499,0.098192
499,0.100833
499,0.101844
500,0.103334
500,0.103985
500,0.104527
500,0.105507
500,0.106256
500,0.108818
500,0.108995
500,0.111727
500,0.113186
501,0.116983
501,0.120000
501,0.123267
501,0.123391
501,0.124328
501,0.124658
501,0.125110
501,0.125196
501,0.126545
501,0.127526
501,0.129015
501,0.130107
501,0.131173
501,0.131347
501,0.131472
501,0.131765
501,0.132864
501,0.133141
501,0.134531
501,0.136987
501,0.138736
501,0.139576
501,0.140729
501,0.141467
501,0.142180
501,0.143146
501,0.144267
501,0.144819
501,0.146360
501,0.146895
501,0.147366
501,0.147426
501,0.151983
501,0.152345
501,0.153047
501,0.155162
501,0.155788
501,0.157472
501,0.158036
501,0.158463
501,0.158813
501,0.160419
501,0.160568
501,0.160609
501,0.162013
502,0.167591
502,0.168618
502,0.169462
502,0.170695
502,0.173637
502,0.175635
502,0.176089
502,0.178941
503,0.181773
503,0.183106
503,0.185928
503,0.186826
503,0.187145
503,0.188260
503,0.190079
503,0.190464
503,0.191789
503,0.194010
503,0.194174
503,0.196558
503,0.197704
503,0.198400
503,0.198521
503,0.200634
503,0.200845
503,0.201331
503,0.202024
503,0.202392
503,0.203812
503,0.203990
503,0.207594
503,0.210348
503,0.210367
503,0.210937
503,0.215230
503,0.215795
503,0.215842
503,0.217456
503,0.217608
503,0.218103
503,0.218510
503,0.219347
503,0.220704
503,0.220808
503,0.222214
503,0.223540
503,0.225975
503,0.226092
503,0.226733
503,0.227126
503,0.227213
503,0.227897
503,0.229549
503,0.233387
503,0.235358
503,0.235622
503,0.235917
503,0.236073
503,0.237836
503,0.237979
503,0.238286
503,0.239238
503,0.239606
503,0.240442
503,0.241529
503,0.241680
503,0.243448
503,0.246714
503,0.246905
503,0.247008
503,0.247321
503,0.247856
503,0.251717
503,0.257074
503,0.258192
503,0.258203
503,0.258368
503,0.258523
503,0.260265
503,0.260777
503,0.261205
503,0.263617
503,0.263802
503,0.265515
503,0.266012
503,0.266503
503,0.266540
503,0.266735
503,0.266752
503,0.267745
503,0.268746
503,0.271764
503,0.274030
503,0.274510
503,0.274706
503,0.276169
504,0.278896
504,0.279421
504,0.279617
504,0.279906
504,0.279961
504,0.280049
504,0.284315
504,0.285802
504,0.286805
504,0.288638
504,0.290471
504,0.290812
504,0.290938
504,0.293106
504,0.293693
504,0.293793
504,0.294212
504,0.294645
504,0.295465
504,0.297631
504,0.298120
505,0.298675
505,0.300033
505,0.301622
505,0.303701
505,0.304338
505,0.305342
505,0.305577
505,0.305793
505,0.307217
505,0.308947
505,0.309721
505,0.311513
505,0.312307
505,0.312313
505,0.312429
505,0.313219
505,0.313389
505,0.317825
505,0.319002
505,0.319181
505,0.319589
505,0.319753
505,0.320765
505,0.321043
505,0.321177
505,0.323127
505,0.323621
505,0.326053
505,0.326807
505,0.329450
505,0.330091
505,0.330349
505,0.330878
505,0.331174
505,0.331538
505,0.332461
505,0.334434
505,0.334896
505,0.335126
505,0.335361
505,0.336018
505,0.337958
505,0.338099
505,0.338129
505,0.338653
505,0.338886
505,0.340420
505,0.340567
505,0.341001
505,0.341543
505,0.342131
505,0.343168
505,0.343308
505,0.343349
505,0.344301
505,0.344527
505,0.345848
505,0.346908
505,0.347066
505,0.347146
505,0.351297
505,0.353797
505,0.354635
505,0.356496
505,0.357939
505,0.359482
505,0.359687
505,0.362092
505,0.364001
505,0.364244
505,0.364437
505,0.365273
505,0.365354
505,0.365858
505,0.366354
505,0.366591
505,0.368386
505,0.368423
505,0.369987
505,0.370211
505,0.370584
505,0.372159
505,0.373295
505,0.373645
505,0.373878
505,0.374061
505,0.374797
505,0.375034
505,0.377266
505,0.377490
505,0.379196
505,0.379368
505,0.379456
505,0.379481
505,0.379759
505,0.381515
505,0.382732
505,0.383312
505,0.383700
505,0.383877
505,0.383911
505,0.385001
505,0.386235
505,0.386665
505,0.388641
505,0.389600
505,0.390030
505,0.391887
505,0.392976
505,0.393462
505,0.393971
505,0.394110
505,0.394459
505,0.395046
505,0.395681
505,0.395759
505,0.395796
505,0.397168
505,0.397444
505,0.399578
505,0.400134
505,0.400975
505,0.401377
505,0.401995
506,0.403073
506,0.406005
506,0.406012
506,0.406715
506,0.407628
506,0.407826
506,0.408048
506,0.408510
506,0.408640
506,0.408791
506,0.408985
506,0.410047
506,0.410437
506,0.411670
506,0.413076
506,0.413522
506,0.413735
506,0.415527
506,0.417564
506,0.417676
506,0.418052
506,0.418743
506,0.419121
506,0.419230
506,0.420088
506,0.420228
506,0.420735
506,0.420748
506,0.421050
506,0.421488
506,0.423616
506,0.424018
506,0.425131
506,0.426091
506,0.426471
506,0.426496
506,0.426773
506,0.427218
506,0.427913
506,0.428385
506,0.428879
506,0.430611
506,0.430734
506,0.431193
506,0.432694
506,0.433645
507,0.434960
507,0.435857
507,0.442098
507,0.442185
507,0.442235
507,0.445201
507,0.445766
507,0.447026
507,0.447049
507,0.448301
507,0.449175
507,0.451545
507,0.455672
507,0.456741
507,0.460610
507,0.461736
507,0.461992
507,0.462125
507,0.464044
507,0.465542
507,0.467565
507,0.467823
507,0.469098
507,0.469156
507,0.470236
507,0.470346
507,0.471363
507,0.471439
507,0.472967
507,0.477608
507,0.477725
507,0.478108
507,0.480793
507,0.480903
507,0.481610
507,0.482508
507,0.483763
507,0.484833
507,0.486280
507,0.486602
507,0.489212
507,0.500042
507,0.500844
507,0.502038
507,0.503327
507,0.503980
507,0.504099
507,0.504290
507,0.506025
507,0.506703
508,0.508224
508,0.508269
508,0.509848
508,0.510464
508,0.511347
508,0.512953
508,0.513264
508,0.514019
508,0.514527
508,0.514878
508,0.514905
508,0.514971
508,0.515240
508,0.515287
508,0.515558
508,0.516766
508,0.516784
508,0.516967
508,0.517089
508,0.518372
508,0.518454
508,0.519216
508,0.519422
508,0.520138
508,0.520487
508,0.520565
508,0.520606
508,0.521718
508,0.522719
508,0.523349
508,0.523739
508,0.525370
508,0.525798
508,0.527663
508,0.531753
508,0.532629
508,0.532713
508,0.532866
508,0.533172
508,0.533472
508,0.533498
508,0.533714
508,0.534484
508,0.535028
508,0.535071
508,0.535475
508,0.536069
508,0.537468
508,0.537692
508,0.539069
508,0.540249
509,0.541857
509,0.544676
509,0.545480
509,0.549658
509,0.551691
509,0.551865
509,0.553426
509,0.553654
509,0.554017
509,0.554511
509,0.555753
509,0.558216
509,0.559044
509,0.562773
509,0.562916
509,0.564120
509,0.564961
509,0.565789
509,0.566261
509,0.566533
509,0.566545
509,0.567028
509,0.567092
509,0.569023
509,0.570139
509,0.572400
509,0.572566
509,0.573684
510,0.580766
510,0.580927
510,0.580969
510,0.581432
510,0.581526
510,0.582014
510,0.582307
510,0.584611
510,0.585023
510,0.585197
510,0.585303
510,0.585880
510,0.588045
510,0.588085
510,0.588331
510,0.593581
510,0.593862
510,0.593974
510,0.595291
510,0.596074
510,0.600093
510,0.600227
510,0.600460
511,0.602598
511,0.602831
511,0.603221
511,0.604106
511,0.605554
511,0.606016
511,0.607009
511,0.607911
511,0.609577
511,0.609661
511,0.610035
511,0.610573
511,0.610909
511,0.611649
512,0.614300
512,0.615244
512,0.615248
512,0.615883
512,0.617237
512,0.617396
512,0.617975
512,0.618103
512,0.618778
512,0.620823
512,0.621785
512,0.625661
512,0.625769
512,0.626605
513,0.626667
513,0.626683
513,0.627337
513,0.627675
513,0.627842
513,0.628438
514,0.629468
514,0.633909
521,0.636562
523,0.637114
523,0.637195
525,0.640242
525,0.640336
525,0.641402
525,0.641572
525,0.641971
525,0.644104
526,0.644230
526,0.644973
526,0.645139
527,0.649821
527,0.650358
527,0.651338
528,0.651994
528,0.652932
528,0.653729
528,0.653848
528,0.654214
529,0.655527
529,0.655556
529,0.658247
529,0.658730
529,0.659220
529,0.659999
530,0.661206
530,0.663365
530,0.664171
531,0.667837
532,0.671875
532,0.673816
533,0.674396
533,0.674606
533,0.674811
533,0.675457
534,0.678060
534,0.678652
534,0.679617
535,0.679924
536,0.680939
538,0.682533
538,0.683007
548,0.685415
549,0.686806
550,0.687232
551,0.687939
551,0.689790
552,0.692067
552,0.692321
553,0.692918
553,0.693006
553,0.693288
553,0.693472
553,0.694788
553,0.695575
553,0.696605
553,0.696621
553,0.697337
554,0.698270
554,0.698910
555,0.700817
555,0.701107
555,0.701113
555,0.701481
555,0.704431
555,0.705053
555,0.705772
556,0.707499
556,0.709260
556,0.709399
557,0.711305
557,0.712405
558,0.714233
558,0.714383
558,0.715301
558,0.715961
559,0.717938
559,0.717944
559,0.719899
559,0.719931
560,0.720471
560,0.720615
560,0.720636
560,0.721505
561,0.722720
561,0.722987
561,0.723687
561,0.723775
563,0.725462
566,0.726820
575,0.727746
577,0.729080
578,0.729734
578,0.729839
579,0.731851
579,0.732820
580,0.733534
580,0.734193
580,0.735216
581,0.736795
581,0.737522
581,0.737640
582,0.738817
582,0.739778
583,0.741777
583,0.742011
583,0.742439
583,0.743176
583,0.743263
583,0.743471
584,0.744868
585,0.745459
585,0.745755
585,0.746038
585,0.747247
585,0.749758
586,0.750747
587,0.751379
587,0.752662
587,0.752674
587,0.753486
587,0.754476
587,0.755183
587,0.755573
587,0.755641
588,0.757207
589,0.758116
589,0.759204
589,0.760235
590,0.761939
591,0.763624
591,0.764263
591,0.764276
591,0.764344
591,0.764423
594,0.767238
596,0.767512
596,0.767763
607,0.768525
612,0.772842
612,0.773488
613,0.774964
614,0.776967
614,0.778500
615,0.779030
615,0.779486
616,0.780659
616,0.781147
616,0.781288
616,0.783670
616,0.784682
616,0.784880
617,0.785144
617,0.785552
617,0.785789
617,0.785953
618,0.787478
618,0.787697
618,0.788939
618,0.789274
618,0.789625
618,0.790091
618,0.790116
618,0.790819
618,0.791012
619,0.792047
619,0.792901
619,0.792964
620,0.794161
620,0.794690
620,0.794903
620,0.795884
620,0.797243
621,0.798393
621,0.798800
621,0.798807
622,0.800699
622,0.800743
622,0.801234
622,0.802428
623,0.803734
624,0.804921
626,0.805959
627,0.806363
646,0.808927
648,0.810166
648,0.810172
648,0.811146
648,0.811188
649,0.813284
649,0.813742
650,0.815074
651,0.816774
651,0.816978
653,0.822426
653,0.823567
653,0.824170
653,0.824263
653,0.824686
653,0.824878
653,0.825445
654,0.827527
654,0.827982
655,0.828088
655,0.829436
656,0.833122
656,0.833587
657,0.834394
657,0.835725
657,0.836018
658,0.837457
659,0.838785
660,0.840733
662,0.842432
662,0.842567
684,0.843944
684,0.844105
685,0.844505
687,0.845431
689,0.848106
689,0.849173
690,0.849589
690,0.849709
691,0.850943
692,0.853126
692,0.854479
692,0.854608
692,0.854991
692,0.856426
692,0.856784
694,0.857465
694,0.857715
694,0.859541
694,0.859650
695,0.863148
696,0.866342
697,0.868629
697,0.868847
697,0.869187
698,0.870421
698,0.870841
699,0.871500
699,0.871951
699,0.873037
700,0.873794
702,0.875858
702,0.876409
702,0.876724
726,0.878389
727,0.878458
728,0.878546
730,0.879013
731,0.879189
731,0.879846
733,0.880488
733,0.881489
733,0.882273
734,0.882652
735,0.884279
735,0.884438
736,0.885460
737,0.887904
740,0.892009
740,0.893107
741,0.894935
742,0.896610
742,0.896743
742,0.898079
743,0.898398
743,0.899143
744,0.901317
745,0.902605
746,0.903145
746,0.904147
748,0.907334
751,0.909740
752,0.909855
753,0.910143
753,0.910339
779,0.910925
782,0.911272
784,0.912166
787,0.914944
788,0.915800
789,0.916781
789,0.916860
791,0.921398
791,0.922418
793,0.923257
793,0.923442
793,0.924499
793,0.925651
794,0.926899
795,0.929160
795,0.929199
796,0.929636
796,0.931423
796,0.931511
797,0.932560
797,0.934307
798,0.934782
799,0.935697
799,0.935878
799,0.936226
799,0.936887
802,0.939332
802,0.939354
802,0.940052
806,0.940999
845,0.943408
847,0.944289
848,0.945724
848,0.945830
850,0.947512
851,0.949585
851,0.949977
853,0.953640
855,0.956894
856,0.958200
857,0.959790
857,0.960322
858,0.960720
858,0.961267
858,0.962018
859,0.963179
861,0.965831
863,0.967212
863,0.967406
863,0.967675
866,0.968645
866,0.968763
913,0.970684
916,0.971576
919,0.974411
919,0.974810
922,0.976170
922,0.976677
922,0.977060
922,0.977368
922,0.977644
922,0.977848
922,0.977996
922,0.978778
923,0.980550
925,0.981316
925,0.981732
925,0.983170
925,0.983597
929,0.989894
929,0.990974
929,0.991399
932,0.993973
932,0.994121
932,0.994302
936,0.997116
936,0.997242
936,0.997252
936,0.997626
936,0.998214
939,0.998534
949,0.999311
1069,0.999629
253015647,1.000000
