38131.521420
26174.176857
387,0.000000
404,0.000356
407,0.000679
408,0.000997
413,0.002183
497,0.004457
498,0.005028
500,0.006569
500,0.006957
501,0.010069
502,0.011629
502,0.011886
503,0.013984
503,0.016453
503,0.017834
503,0.018247
503,0.019148
503,0.019482
503,0.020704
503,0.021043
503,0.022239
503,0.022355
504,0.022704
504,0.023438
504,0.023461
504,0.023466
504,0.023606
505,0.025678
505,0.026604
505,0.027250
505,0.029084
505,0.030926
505,0.030940
505,0.033405
505,0.033908
505,0.036050
505,0.037059
505,0.037691
505,0.037830
506,0.038442
506,0.038983
506,0.040962
506,0.041273
506,0.041492
507,0.043384
507,0.043712
507,0.043786
507,0.044168
507,0.045504
507,0.046855
507,0.046904
507,0.047847
507,0.052567
507,0.054467
507,0.055035
508,0.055177
508,0.055505
508,0.056118
508,0.056630
508,0.057060
508,0.057071
508,0.058138
508,0.058317
508,0.059342
508,0.059603
508,0.060285
508,0.060793
509,0.063640
509,0.063672
509,0.063965
509,0.064790
509,0.064930
509,0.065278
509,0.067084
509,0.068901
510,0.070657
510,0.071323
510,0.072326
510,0.074156
510,0.075400
510,0.077548
510,0.077571
511,0.078539
511,0.078750
511,0.078776
511,0.080471
511,0.080792
512,0.082629
512,0.085359
512,0.087387
512,0.088455
512,0.089548
512,0.089620
513,0.090429
514,0.092488
514,0.092907
514,0.094746
514,0.095419
514,0.095516
514,0.096539
514,0.096568
514,0.099619
514,0.099998
514,0.100805
514,0.101861
514,0.103788
514,0.103930
514,0.103994
515,0.106229
515,0.107492
516,0.109364
516,0.109423
516,0.110492
516,0.111524
516,0.111689
516,0.112555
516,0.116122
516,0.116550
516,0.118308
516,0.118401
516,0.118786
516,0.120924
516,0.121822
516,0.122620
516,0.123988
516,0.124335
516,0.125403
516,0.125478
516,0.126960
516,0.127868
516,0.128135
517,0.131256
517,0.131724
517,0.133263
517,0.133553
517,0.134708
517,0.135633
517,0.135796
517,0.135836
517,0.136010
517,0.136709
517,0.136723
517,0.137097
517,0.138412
517,0.138571
517,0.139027
517,0.139199
517,0.139438
517,0.139847
517,0.140305
517,0.140358
517,0.141796
517,0.142027
518,0.146922
518,0.147341
518,0.149363
518,0.150180
518,0.150411
518,0.153507
518,0.155620
518,0.156798
518,0.158216
518,0.159071
518,0.159132
518,0.159467
518,0.160102
518,0.160384
518,0.160487
518,0.160794
518,0.161610
518,0.163530
518,0.164060
518,0.164549
518,0.165792
518,0.168946
518,0.170721
518,0.170895
519,0.171572
519,0.172615
519,0.172983
519,0.174625
519,0.174831
519,0.175200
519,0.177057
519,0.177082
519,0.177989
519,0.178119
519,0.178641
519,0.179481
519,0.181003
519,0.181483
519,0.182973
519,0.183374
519,0.184126
519,0.185127
519,0.186627
519,0.187301
519,0.187646
519,0.188075
519,0.190040
519,0.190263
519,0.193730
519,0.194287
519,0.195327
519,0.195780
519,0.196810
519,0.197351
519,0.200973
519,0.201965
519,0.202269
519,0.205009
520,0.206974
520,0.207532
520,0.208246
520,0.208896
520,0.209396
520,0.209594
520,0.211089
520,0.211232
520,0.212334
520,0.213827
520,0.213868
520,0.213995
520,0.214147
520,0.214421
520,0.215588
520,0.217690
520,0.218829
520,0.219886
520,0.221041
520,0.221729
520,0.221974
520,0.222414
520,0.223754
520,0.224496
520,0.225290
520,0.225986
520,0.226450
520,0.226585
520,0.227044
520,0.228388
520,0.230671
520,0.231066
520,0.232500
520,0.232659
520,0.232964
520,0.235249
521,0.236321
521,0.237244
521,0.237900
521,0.238279
521,0.238497
521,0.240660
521,0.240711
521,0.240884
521,0.242076
521,0.243420
521,0.244334
521,0.245067
521,0.245330
521,0.246356
521,0.246505
521,0.246747
521,0.246995
521,0.247170
521,0.248180
521,0.252155
521,0.252532
521,0.254901
521,0.255739
521,0.258057
521,0.258097
521,0.259668
521,0.259751
521,0.260534
521,0.261020
521,0.262239
521,0.264459
521,0.265460
521,0.265712
521,0.267486
521,0.269703
521,0.269761
521,0.271333
521,0.271617
521,0.273311
521,0.273677
521,0.275229
521,0.275391
521,0.275732
521,0.278105
521,0.278994
521,0.280931
521,0.281070
521,0.281968
521,0.282140
521,0.282453
521,0.282615
521,0.283876
521,0.286380
521,0.288241
521,0.288420
521,0.288796
521,0.289401
522,0.289633
522,0.291483
522,0.292482
522,0.294359
522,0.296038
522,0.296925
522,0.297244
522,0.298449
522,0.299024
522,0.300326
522,0.301439
522,0.301577
522,0.302315
522,0.303617
522,0.303827
522,0.304273
522,0.304806
522,0.306159
522,0.307691
522,0.308499
522,0.308941
522,0.309850
523,0.314733
523,0.314945
523,0.315362
523,0.316830
523,0.316983
523,0.320689
523,0.321312
523,0.321800
523,0.323420
523,0.324272
523,0.324364
523,0.326428
523,0.327067
523,0.329488
523,0.330788
523,0.331215
523,0.333336
523,0.335462
523,0.335868
523,0.336427
523,0.336735
523,0.337894
523,0.338964
523,0.339190
523,0.339344
523,0.340828
523,0.341345
523,0.341368
523,0.341714
523,0.341773
523,0.342265
523,0.343088
523,0.343600
523,0.344394
523,0.348194
523,0.348748
523,0.349933
523,0.350253
523,0.351692
523,0.352344
523,0.352982
523,0.353039
523,0.354910
523,0.355972
523,0.357392
523,0.358145
523,0.359371
523,0.359916
523,0.361090
523,0.364558
523,0.365025
523,0.366049
523,0.366283
523,0.366419
523,0.367204
523,0.367762
523,0.368231
523,0.370731
524,0.374446
524,0.376054
524,0.376724
524,0.379490
524,0.380755
524,0.380903
524,0.382546
524,0.383616
524,0.383994
525,0.387510
525,0.388034
525,0.388536
525,0.388954
525,0.389811
525,0.392157
525,0.394031
525,0.394207
525,0.394991
525,0.396881
525,0.397554
525,0.397596
525,0.398115
525,0.398432
525,0.401000
525,0.402091
525,0.404082
525,0.404344
525,0.404513
525,0.406101
525,0.406205
525,0.406277
525,0.406576
525,0.406631
525,0.407090
525,0.408460
525,0.412958
525,0.414077
525,0.414776
525,0.415775
525,0.417300
525,0.418861
525,0.419207
525,0.419640
525,0.420878
525,0.421595
525,0.422042
525,0.426575
525,0.429894
525,0.430783
525,0.435261
526,0.437163
526,0.439056
526,0.443210
526,0.444088
526,0.444132
526,0.444245
526,0.444974
527,0.445280
527,0.445710
527,0.446045
527,0.446251
527,0.447494
527,0.447636
527,0.448058
527,0.448256
527,0.448479
527,0.448829
527,0.449040
527,0.449555
527,0.449874
527,0.451076
527,0.451222
527,0.452854
527,0.452991
527,0.453946
527,0.454197
527,0.455184
527,0.457133
527,0.457156
527,0.458317
527,0.462266
527,0.462377
527,0.463535
527,0.466445
527,0.468896
527,0.470735
528,0.472166
528,0.472199
528,0.472869
528,0.474323
528,0.475557
528,0.475953
528,0.476558
528,0.477389
528,0.478232
528,0.479593
528,0.480955
529,0.481593
529,0.485939
529,0.488200
529,0.488700
529,0.489288
529,0.491751
530,0.494115
530,0.494545
530,0.495730
530,0.496280
530,0.499781
530,0.500489
530,0.501243
530,0.501609
531,0.502983
531,0.504822
531,0.508076
531,0.508128
532,0.509202
532,0.509618
532,0.510235
532,0.510841
532,0.512141
532,0.512736
532,0.512740
532,0.513587
532,0.513630
532,0.513776
532,0.514991
532,0.516028
532,0.517063
532,0.517961
532,0.519201
532,0.519324
532,0.519864
532,0.519929
533,0.520210
533,0.522039
533,0.522365
534,0.526577
534,0.527155
534,0.528929
534,0.529279
534,0.530942
534,0.531536
534,0.531841
534,0.532019
534,0.533598
534,0.533868
534,0.534615
534,0.535853
534,0.536120
534,0.536716
534,0.537212
534,0.537318
534,0.537427
534,0.537863
535,0.538885
535,0.540648
535,0.540807
536,0.542725
536,0.545998
536,0.546054
536,0.546872
536,0.547918
536,0.549028
536,0.549099
536,0.549534
536,0.549804
536,0.549969
536,0.551725
536,0.553545
536,0.554634
536,0.554678
536,0.556061
536,0.556233
537,0.558159
537,0.558310
537,0.559703
537,0.559756
537,0.560416
537,0.561558
537,0.562225
537,0.562302
538,0.563255
538,0.565733
538,0.566279
538,0.566914
538,0.567742
538,0.568089
538,0.568091
538,0.570992
538,0.571228
538,0.571539
538,0.572220
538,0.572801
538,0.573776
538,0.573995
538,0.574565
539,0.576130
539,0.576454
539,0.576651
539,0.577327
539,0.579616
539,0.581220
539,0.581471
539,0.581716
539,0.581807
539,0.582568
540,0.584621
540,0.584968
540,0.585101
540,0.586466
540,0.588098
540,0.588681
540,0.591388
540,0.591858
540,0.591998
541,0.594048
541,0.596555
541,0.596624
541,0.596958
541,0.597639
541,0.598089
541,0.600348
541,0.601772
541,0.602852
542,0.603010
542,0.603544
542,0.603727
542,0.604118
542,0.604826
543,0.607927
543,0.607984
543,0.610769
543,0.612797
543,0.613175
543,0.616278
543,0.616392
543,0.617044
543,0.617883
543,0.618239
543,0.618490
544,0.620549
545,0.621972
545,0.623394
545,0.623635
545,0.624927
545,0.625271
545,0.626947
545,0.627735
545,0.627794
545,0.628169
545,0.630738
546,0.631951
547,0.633793
547,0.633895
547,0.636987
547,0.638099
548,0.639647
548,0.639711
548,0.640008
548,0.640278
548,0.641672
549,0.642243
549,0.643035
549,0.643498
549,0.643825
550,0.647495
550,0.648162
551,0.650317
551,0.650592
551,0.650810
552,0.651187
552,0.651359
552,0.651706
552,0.652184
553,0.655040
554,0.657032
554,0.658522
555,0.659236
555,0.659240
556,0.660880
558,0.665207
560,0.667948
560,0.668341
560,0.668922
561,0.670106
562,0.670882
563,0.672587
563,0.672701
563,0.673504
564,0.673767
564,0.674046
565,0.675039
565,0.676026
566,0.676304
567,0.677075
570,0.680164
570,0.680946
578,0.688597
579,0.690159
580,0.690290
580,0.691120
587,0.696893
588,0.697317
590,0.698814
592,0.700470
592,0.700863
596,0.703981
596,0.704491
598,0.706385
599,0.706656
599,0.706801
600,0.707691
600,0.707783
601,0.708545
601,0.709029
605,0.712851
605,0.713230
605,0.713302
607,0.714574
607,0.714757
607,0.715054
607,0.715155
609,0.716633
610,0.717252
611,0.718214
612,0.719617
613,0.720003
614,0.720650
614,0.721159
615,0.721953
616,0.722292
616,0.723007
618,0.723657
618,0.723763
619,0.724818
622,0.726985
623,0.727532
623,0.727627
623,0.727726
625,0.728676
625,0.728981
626,0.729158
626,0.729225
627,0.729544
627,0.729812
629,0.730903
629,0.730957
632,0.732699
633,0.732919
634,0.733593
634,0.733926
635,0.733997
636,0.734558
636,0.734895
637,0.735212
639,0.736546
652,0.743370
658,0.746092
658,0.746130
659,0.746249
663,0.747530
663,0.747743
665,0.748163
667,0.749045
669,0.749558
672,0.750490
682,0.752628
687,0.753736
691,0.754557
693,0.754922
698,0.755913
720,0.759399
728,0.760430
736,0.761451
740,0.761894
751,0.763378
755,0.763868
757,0.764063
771,0.765907
780,0.767348
794,0.770066
799,0.771239
807,0.773665
808,0.773866
813,0.775514
815,0.776182
818,0.777318
818,0.777443
820,0.778218
824,0.779328
827,0.780509
831,0.782207
832,0.782397
834,0.783072
843,0.786309
844,0.786806
849,0.788205
849,0.788241
850,0.788770
853,0.789565
855,0.790141
858,0.791318
860,0.791622
867,0.793681
868,0.793806
868,0.793869
869,0.794187
869,0.794221
870,0.794455
877,0.796026
881,0.796775
886,0.797839
893,0.799295
906,0.801560
906,0.801602
908,0.801957
915,0.803272
924,0.804954
924,0.805080
930,0.806093
937,0.807591
941,0.808238
946,0.809345
946,0.809389
953,0.810816
957,0.811684
959,0.812067
959,0.812273
959,0.812300
962,0.812936
970,0.814485
977,0.815516
988,0.817446
990,0.817945
1002,0.820000
1020,0.822861
1033,0.824897
1039,0.825832
1041,0.826125
1059,0.829252
1061,0.829409
1065,0.830080
1074,0.831617
1081,0.832897
1083,0.833312
1101,0.836431
1108,0.837802
1115,0.839020
1115,0.839137
1117,0.839371
1117,0.839484
1141,0.844102
1143,0.844215
1143,0.844247
1150,0.845576
1150,0.845780
1154,0.846363
1159,0.847425
1161,0.847794
1174,0.850068
1177,0.850640
1187,0.852461
1188,0.852501
1190,0.852928
1200,0.854851
1221,0.859072
1223,0.859253
1223,0.859363
1229,0.860604
1243,0.863700
1251,0.865474
1258,0.866935
1260,0.867403
1262,0.867914
1270,0.869911
1280,0.872043
1291,0.874564
1294,0.875160
1296,0.875559
1298,0.876125
1309,0.878280
1310,0.878410
1310,0.878528
1312,0.878914
1314,0.879086
1317,0.879774
1329,0.881765
1331,0.882135
1336,0.882988
1338,0.883209
1353,0.885221
1354,0.885337
1358,0.885935
1367,0.886766
1367,0.886774
1380,0.888098
1382,0.888269
1389,0.888756
1394,0.889170
1400,0.889568
1430,0.891315
1473,0.893142
1492,0.893782
1492,0.893788
1542,0.895335
1560,0.895843
1573,0.896164
1580,0.896340
1591,0.896571
1611,0.897032
1637,0.897586
1637,0.897598
1662,0.898112
1934,0.902390
2016,0.903158
2319,0.904769
2373,0.904968
2466,0.905218
2570,0.905415
2613,0.905477
3215,0.906413
3412,0.908641
3452,0.909519
3458,0.909670
3489,0.910476
3521,0.911327
3541,0.911829
3581,0.912704
3616,0.913295
3660,0.913827
3864,0.915237
3936,0.915862
4225,0.919429
4279,0.920064
4365,0.921018
4384,0.921228
4683,0.923636
4794,0.924135
4883,0.924487
5156,0.925396
5158,0.925400
5983,0.926981
6137,0.928646
6507,0.930875
6755,0.932174
6813,0.932470
7256,0.934254
7419,0.935003
7583,0.936266
7725,0.937836
7777,0.938458
7832,0.939122
7879,0.939657
7927,0.940228
7970,0.940721
8014,0.941228
8042,0.941543
8123,0.942428
8279,0.943837
8339,0.944330
8358,0.944494
8371,0.944598
8384,0.944707
8818,0.947590
8988,0.948769
9037,0.949128
9115,0.949722
9443,0.952089
9498,0.952541
9589,0.953409
9658,0.954040
9684,0.954287
9884,0.956088
9984,0.956998
10096,0.958040
10417,0.960884
10736,0.962679
10738,0.962691
10889,0.963427
10989,0.963793
11264,0.964431
11725,0.965198
14198,0.968577
15626,0.969264
17193,0.969738
24218,0.971129
698112,0.971500
798295,0.972785
800024,0.972963
811812,0.974832
816953,0.975977
817735,0.976166
818194,0.976273
832626,0.980134
833259,0.980299
837422,0.981387
837557,0.981425
838912,0.981761
843752,0.982900
843801,0.982912
848779,0.983967
855397,0.985281
857101,0.985599
860445,0.986215
864077,0.986873
869242,0.987801
883958,0.990181
887397,0.990661
902091,0.992388
903956,0.992572
904844,0.992657
905645,0.992737
913212,0.993406
916540,0.993684
951640,0.995980
993947,0.997817
999810,0.998006
6207340,1.000000
